j main:
 PC FASE $zero $at  $v0  $v1  $a0  $a1  $a2  $a3  $t0  $t1  $t2  $t3  $t4  $t5  $t6  $t7  $s0  $s1  $s2  $s3  $s4  $s5  $s6  $s7  $t8  $t9  $k0  $k1  $gp  $sp  $fp  $ra
  0 IF     0    0    0    0    0    0    0    0    0    0    0    0    0    0    0    0    0    0    0    0    0    0    0    0    0    0    0    0    0    0    0    0 
 80 ID     0    0    0    0    0    0    0    0    0    0    0    0    0    0    0    0    0    0    0    0    0    0    0    0    0    0    0    0    0    0    0    0 
 80 EX     0    0    0    0    0    0    0    0    0    0    0    0    0    0    0    0    0    0    0    0    0    0    0    0    0    0    0    0    0    0    0    0 
 80 MEM    0    0    0    0    0    0    0    0    0    0    0    0    0    0    0    0    0    0    0    0    0    0    0    0    0    0    0    0    0    0    0    0 
 80 WB     0    0    0    0    0    0    0    0    0    0    0    0    0    0    0    0    0    0    0    0    0    0    0    0    0    0    0    0    0    0    0    0 

addi $a0, $zero, 6:
 PC FASE $zero $at  $v0  $v1  $a0  $a1  $a2  $a3  $t0  $t1  $t2  $t3  $t4  $t5  $t6  $t7  $s0  $s1  $s2  $s3  $s4  $s5  $s6  $s7  $t8  $t9  $k0  $k1  $gp  $sp  $fp  $ra
 80 IF     0    0    0    0    0    0    0    0    0    0    0    0    0    0    0    0    0    0    0    0    0    0    0    0    0    0    0    0    0    0    0    0 
 80 ID     0    0    0    0    0    0    0    0    0    0    0    0    0    0    0    0    0    0    0    0    0    0    0    0    0    0    0    0    0    0    0    0 
 80 EX     0    0    0    0    0    0    0    0    0    0    0    0    0    0    0    0    0    0    0    0    0    0    0    0    0    0    0    0    0    0    0    0 
 80 MEM    0    0    0    0    0    0    0    0    0    0    0    0    0    0    0    0    0    0    0    0    0    0    0    0    0    0    0    0    0    0    0    0 
 80 WB     0    0    0    0    6    0    0    0    0    0    0    0    0    0    0    0    0    0    0    0    0    0    0    0    0    0    0    0    0    0    0    0 

jal factorial:
 PC FASE $zero $at  $v0  $v1  $a0  $a1  $a2  $a3  $t0  $t1  $t2  $t3  $t4  $t5  $t6  $t7  $s0  $s1  $s2  $s3  $s4  $s5  $s6  $s7  $t8  $t9  $k0  $k1  $gp  $sp  $fp  $ra
 84 IF     0    0    0    0    6    0    0    0    0    0    0    0    0    0    0    0    0    0    0    0    0    0    0    0    0    0    0    0    0    0    0    0 
  4 ID     0    0    0    0    6    0    0    0    0    0    0    0    0    0    0    0    0    0    0    0    0    0    0    0    0    0    0    0    0    0    0    0 
  4 EX     0    0    0    0    6    0    0    0    0    0    0    0    0    0    0    0    0    0    0    0    0    0    0    0    0    0    0    0    0    0    0    0 
  4 MEM    0    0    0    0    6    0    0    0    0    0    0    0    0    0    0    0    0    0    0    0    0    0    0    0    0    0    0    0    0    0    0    0 
  4 WB     0    0    0    0    6    0    0    0    0    0    0    0    0    0    0    0    0    0    0    0    0    0    0    0    0    0    0    0    0    0    0   22 

beq $a0, $zero, condicionBorde:
 PC FASE $zero $at  $v0  $v1  $a0  $a1  $a2  $a3  $t0  $t1  $t2  $t3  $t4  $t5  $t6  $t7  $s0  $s1  $s2  $s3  $s4  $s5  $s6  $s7  $t8  $t9  $k0  $k1  $gp  $sp  $fp  $ra
  4 IF     0    0    0    0    6    0    0    0    0    0    0    0    0    0    0    0    0    0    0    0    0    0    0    0    0    0    0    0    0    0    0   22 
  4 ID     0    0    0    0    6    0    0    0    0    0    0    0    0    0    0    0    0    0    0    0    0    0    0    0    0    0    0    0    0    0    0   22 
  4 EX     0    0    0    0    6    0    0    0    0    0    0    0    0    0    0    0    0    0    0    0    0    0    0    0    0    0    0    0    0    0    0   22 
  4 MEM    0    0    0    0    6    0    0    0    0    0    0    0    0    0    0    0    0    0    0    0    0    0    0    0    0    0    0    0    0    0    0   22 
  4 WB     0    0    0    0    6    0    0    0    0    0    0    0    0    0    0    0    0    0    0    0    0    0    0    0    0    0    0    0    0    0    0   22 

addi $sp, $sp, -8:
 PC FASE $zero $at  $v0  $v1  $a0  $a1  $a2  $a3  $t0  $t1  $t2  $t3  $t4  $t5  $t6  $t7  $s0  $s1  $s2  $s3  $s4  $s5  $s6  $s7  $t8  $t9  $k0  $k1  $gp  $sp  $fp  $ra
  8 IF     0    0    0    0    6    0    0    0    0    0    0    0    0    0    0    0    0    0    0    0    0    0    0    0    0    0    0    0    0    0    0   22 
  8 ID     0    0    0    0    6    0    0    0    0    0    0    0    0    0    0    0    0    0    0    0    0    0    0    0    0    0    0    0    0    0    0   22 
  8 EX     0    0    0    0    6    0    0    0    0    0    0    0    0    0    0    0    0    0    0    0    0    0    0    0    0    0    0    0    0    0    0   22 
  8 MEM    0    0    0    0    6    0    0    0    0    0    0    0    0    0    0    0    0    0    0    0    0    0    0    0    0    0    0    0    0    0    0   22 
  8 WB     0    0    0    0    6    0    0    0    0    0    0    0    0    0    0    0    0    0    0    0    0    0    0    0    0    0    0    0    0   -8    0   22 

sw $ra, 0($sp):
 PC FASE $zero $at  $v0  $v1  $a0  $a1  $a2  $a3  $t0  $t1  $t2  $t3  $t4  $t5  $t6  $t7  $s0  $s1  $s2  $s3  $s4  $s5  $s6  $s7  $t8  $t9  $k0  $k1  $gp  $sp  $fp  $ra
 12 IF     0    0    0    0    6    0    0    0    0    0    0    0    0    0    0    0    0    0    0    0    0    0    0    0    0    0    0    0    0   -8    0   22 
 12 ID     0    0    0    0    6    0    0    0    0    0    0    0    0    0    0    0    0    0    0    0    0    0    0    0    0    0    0    0    0   -8    0   22 
 12 EX     0    0    0    0    6    0    0    0    0    0    0    0    0    0    0    0    0    0    0    0    0    0    0    0    0    0    0    0    0   -8    0   22 
 12 MEM    0    0    0    0    6    0    0    0    0    0    0    0    0    0    0    0    0    0    0    0    0    0    0    0    0    0    0    0    0   -8    0   22 
 12 WB     0    0    0    0    6    0    0    0    0    0    0    0    0    0    0    0    0    0    0    0    0    0    0    0    0    0    0    0    0   -8    0   22 

sw $a0, 4($sp):
 PC FASE $zero $at  $v0  $v1  $a0  $a1  $a2  $a3  $t0  $t1  $t2  $t3  $t4  $t5  $t6  $t7  $s0  $s1  $s2  $s3  $s4  $s5  $s6  $s7  $t8  $t9  $k0  $k1  $gp  $sp  $fp  $ra
 16 IF     0    0    0    0    6    0    0    0    0    0    0    0    0    0    0    0    0    0    0    0    0    0    0    0    0    0    0    0    0   -8    0   22 
 16 ID     0    0    0    0    6    0    0    0    0    0    0    0    0    0    0    0    0    0    0    0    0    0    0    0    0    0    0    0    0   -8    0   22 
 16 EX     0    0    0    0    6    0    0    0    0    0    0    0    0    0    0    0    0    0    0    0    0    0    0    0    0    0    0    0    0   -8    0   22 
 16 MEM    0    0    0    0    6    0    0    0    0    0    0    0    0    0    0    0    0    0    0    0    0    0    0    0    0    0    0    0    0   -8    0   22 
 16 WB     0    0    0    0    6    0    0    0    0    0    0    0    0    0    0    0    0    0    0    0    0    0    0    0    0    0    0    0    0   -8    0   22 

addi $a0, $a0, -1:
 PC FASE $zero $at  $v0  $v1  $a0  $a1  $a2  $a3  $t0  $t1  $t2  $t3  $t4  $t5  $t6  $t7  $s0  $s1  $s2  $s3  $s4  $s5  $s6  $s7  $t8  $t9  $k0  $k1  $gp  $sp  $fp  $ra
 20 IF     0    0    0    0    6    0    0    0    0    0    0    0    0    0    0    0    0    0    0    0    0    0    0    0    0    0    0    0    0   -8    0   22 
 20 ID     0    0    0    0    6    0    0    0    0    0    0    0    0    0    0    0    0    0    0    0    0    0    0    0    0    0    0    0    0   -8    0   22 
 20 EX     0    0    0    0    6    0    0    0    0    0    0    0    0    0    0    0    0    0    0    0    0    0    0    0    0    0    0    0    0   -8    0   22 
 20 MEM    0    0    0    0    6    0    0    0    0    0    0    0    0    0    0    0    0    0    0    0    0    0    0    0    0    0    0    0    0   -8    0   22 
 20 WB     0    0    0    0    5    0    0    0    0    0    0    0    0    0    0    0    0    0    0    0    0    0    0    0    0    0    0    0    0   -8    0   22 

add $t0, $t0, $a0:
 PC FASE $zero $at  $v0  $v1  $a0  $a1  $a2  $a3  $t0  $t1  $t2  $t3  $t4  $t5  $t6  $t7  $s0  $s1  $s2  $s3  $s4  $s5  $s6  $s7  $t8  $t9  $k0  $k1  $gp  $sp  $fp  $ra
 24 IF     0    0    0    0    5    0    0    0    0    0    0    0    0    0    0    0    0    0    0    0    0    0    0    0    0    0    0    0    0   -8    0   22 
 24 ID     0    0    0    0    5    0    0    0    0    0    0    0    0    0    0    0    0    0    0    0    0    0    0    0    0    0    0    0    0   -8    0   22 
 24 EX     0    0    0    0    5    0    0    0    0    0    0    0    0    0    0    0    0    0    0    0    0    0    0    0    0    0    0    0    0   -8    0   22 
 24 MEM    0    0    0    0    5    0    0    0    0    0    0    0    0    0    0    0    0    0    0    0    0    0    0    0    0    0    0    0    0   -8    0   22 
 24 WB     0    0    0    0    5    0    0    0    5    0    0    0    0    0    0    0    0    0    0    0    0    0    0    0    0    0    0    0    0   -8    0   22 

add $t1, $t0, $a0:
 PC FASE $zero $at  $v0  $v1  $a0  $a1  $a2  $a3  $t0  $t1  $t2  $t3  $t4  $t5  $t6  $t7  $s0  $s1  $s2  $s3  $s4  $s5  $s6  $s7  $t8  $t9  $k0  $k1  $gp  $sp  $fp  $ra
 28 IF     0    0    0    0    5    0    0    0    5    0    0    0    0    0    0    0    0    0    0    0    0    0    0    0    0    0    0    0    0   -8    0   22 
 28 ID     0    0    0    0    5    0    0    0    5    0    0    0    0    0    0    0    0    0    0    0    0    0    0    0    0    0    0    0    0   -8    0   22 
 28 EX     0    0    0    0    5    0    0    0    5    0    0    0    0    0    0    0    0    0    0    0    0    0    0    0    0    0    0    0    0   -8    0   22 
 28 MEM    0    0    0    0    5    0    0    0    5    0    0    0    0    0    0    0    0    0    0    0    0    0    0    0    0    0    0    0    0   -8    0   22 
 28 WB     0    0    0    0    5    0    0    0    5   10    0    0    0    0    0    0    0    0    0    0    0    0    0    0    0    0    0    0    0   -8    0   22 

jal factorial:
 PC FASE $zero $at  $v0  $v1  $a0  $a1  $a2  $a3  $t0  $t1  $t2  $t3  $t4  $t5  $t6  $t7  $s0  $s1  $s2  $s3  $s4  $s5  $s6  $s7  $t8  $t9  $k0  $k1  $gp  $sp  $fp  $ra
 32 IF     0    0    0    0    5    0    0    0    5   10    0    0    0    0    0    0    0    0    0    0    0    0    0    0    0    0    0    0    0   -8    0   22 
  4 ID     0    0    0    0    5    0    0    0    5   10    0    0    0    0    0    0    0    0    0    0    0    0    0    0    0    0    0    0    0   -8    0   22 
  4 EX     0    0    0    0    5    0    0    0    5   10    0    0    0    0    0    0    0    0    0    0    0    0    0    0    0    0    0    0    0   -8    0   22 
  4 MEM    0    0    0    0    5    0    0    0    5   10    0    0    0    0    0    0    0    0    0    0    0    0    0    0    0    0    0    0    0   -8    0   22 
  4 WB     0    0    0    0    5    0    0    0    5   10    0    0    0    0    0    0    0    0    0    0    0    0    0    0    0    0    0    0    0   -8    0    9 

beq $a0, $zero, condicionBorde:
 PC FASE $zero $at  $v0  $v1  $a0  $a1  $a2  $a3  $t0  $t1  $t2  $t3  $t4  $t5  $t6  $t7  $s0  $s1  $s2  $s3  $s4  $s5  $s6  $s7  $t8  $t9  $k0  $k1  $gp  $sp  $fp  $ra
  4 IF     0    0    0    0    5    0    0    0    5   10    0    0    0    0    0    0    0    0    0    0    0    0    0    0    0    0    0    0    0   -8    0    9 
  4 ID     0    0    0    0    5    0    0    0    5   10    0    0    0    0    0    0    0    0    0    0    0    0    0    0    0    0    0    0    0   -8    0    9 
  4 EX     0    0    0    0    5    0    0    0    5   10    0    0    0    0    0    0    0    0    0    0    0    0    0    0    0    0    0    0    0   -8    0    9 
  4 MEM    0    0    0    0    5    0    0    0    5   10    0    0    0    0    0    0    0    0    0    0    0    0    0    0    0    0    0    0    0   -8    0    9 
  4 WB     0    0    0    0    5    0    0    0    5   10    0    0    0    0    0    0    0    0    0    0    0    0    0    0    0    0    0    0    0   -8    0    9 

addi $sp, $sp, -8:
 PC FASE $zero $at  $v0  $v1  $a0  $a1  $a2  $a3  $t0  $t1  $t2  $t3  $t4  $t5  $t6  $t7  $s0  $s1  $s2  $s3  $s4  $s5  $s6  $s7  $t8  $t9  $k0  $k1  $gp  $sp  $fp  $ra
  8 IF     0    0    0    0    5    0    0    0    5   10    0    0    0    0    0    0    0    0    0    0    0    0    0    0    0    0    0    0    0   -8    0    9 
  8 ID     0    0    0    0    5    0    0    0    5   10    0    0    0    0    0    0    0    0    0    0    0    0    0    0    0    0    0    0    0   -8    0    9 
  8 EX     0    0    0    0    5    0    0    0    5   10    0    0    0    0    0    0    0    0    0    0    0    0    0    0    0    0    0    0    0   -8    0    9 
  8 MEM    0    0    0    0    5    0    0    0    5   10    0    0    0    0    0    0    0    0    0    0    0    0    0    0    0    0    0    0    0   -8    0    9 
  8 WB     0    0    0    0    5    0    0    0    5   10    0    0    0    0    0    0    0    0    0    0    0    0    0    0    0    0    0    0    0  -16    0    9 

sw $ra, 0($sp):
 PC FASE $zero $at  $v0  $v1  $a0  $a1  $a2  $a3  $t0  $t1  $t2  $t3  $t4  $t5  $t6  $t7  $s0  $s1  $s2  $s3  $s4  $s5  $s6  $s7  $t8  $t9  $k0  $k1  $gp  $sp  $fp  $ra
 12 IF     0    0    0    0    5    0    0    0    5   10    0    0    0    0    0    0    0    0    0    0    0    0    0    0    0    0    0    0    0  -16    0    9 
 12 ID     0    0    0    0    5    0    0    0    5   10    0    0    0    0    0    0    0    0    0    0    0    0    0    0    0    0    0    0    0  -16    0    9 
 12 EX     0    0    0    0    5    0    0    0    5   10    0    0    0    0    0    0    0    0    0    0    0    0    0    0    0    0    0    0    0  -16    0    9 
 12 MEM    0    0    0    0    5    0    0    0    5   10    0    0    0    0    0    0    0    0    0    0    0    0    0    0    0    0    0    0    0  -16    0    9 
 12 WB     0    0    0    0    5    0    0    0    5   10    0    0    0    0    0    0    0    0    0    0    0    0    0    0    0    0    0    0    0  -16    0    9 

sw $a0, 4($sp):
 PC FASE $zero $at  $v0  $v1  $a0  $a1  $a2  $a3  $t0  $t1  $t2  $t3  $t4  $t5  $t6  $t7  $s0  $s1  $s2  $s3  $s4  $s5  $s6  $s7  $t8  $t9  $k0  $k1  $gp  $sp  $fp  $ra
 16 IF     0    0    0    0    5    0    0    0    5   10    0    0    0    0    0    0    0    0    0    0    0    0    0    0    0    0    0    0    0  -16    0    9 
 16 ID     0    0    0    0    5    0    0    0    5   10    0    0    0    0    0    0    0    0    0    0    0    0    0    0    0    0    0    0    0  -16    0    9 
 16 EX     0    0    0    0    5    0    0    0    5   10    0    0    0    0    0    0    0    0    0    0    0    0    0    0    0    0    0    0    0  -16    0    9 
 16 MEM    0    0    0    0    5    0    0    0    5   10    0    0    0    0    0    0    0    0    0    0    0    0    0    0    0    0    0    0    0  -16    0    9 
 16 WB     0    0    0    0    5    0    0    0    5   10    0    0    0    0    0    0    0    0    0    0    0    0    0    0    0    0    0    0    0  -16    0    9 

addi $a0, $a0, -1:
 PC FASE $zero $at  $v0  $v1  $a0  $a1  $a2  $a3  $t0  $t1  $t2  $t3  $t4  $t5  $t6  $t7  $s0  $s1  $s2  $s3  $s4  $s5  $s6  $s7  $t8  $t9  $k0  $k1  $gp  $sp  $fp  $ra
 20 IF     0    0    0    0    5    0    0    0    5   10    0    0    0    0    0    0    0    0    0    0    0    0    0    0    0    0    0    0    0  -16    0    9 
 20 ID     0    0    0    0    5    0    0    0    5   10    0    0    0    0    0    0    0    0    0    0    0    0    0    0    0    0    0    0    0  -16    0    9 
 20 EX     0    0    0    0    5    0    0    0    5   10    0    0    0    0    0    0    0    0    0    0    0    0    0    0    0    0    0    0    0  -16    0    9 
 20 MEM    0    0    0    0    5    0    0    0    5   10    0    0    0    0    0    0    0    0    0    0    0    0    0    0    0    0    0    0    0  -16    0    9 
 20 WB     0    0    0    0    4    0    0    0    5   10    0    0    0    0    0    0    0    0    0    0    0    0    0    0    0    0    0    0    0  -16    0    9 

add $t0, $t0, $a0:
 PC FASE $zero $at  $v0  $v1  $a0  $a1  $a2  $a3  $t0  $t1  $t2  $t3  $t4  $t5  $t6  $t7  $s0  $s1  $s2  $s3  $s4  $s5  $s6  $s7  $t8  $t9  $k0  $k1  $gp  $sp  $fp  $ra
 24 IF     0    0    0    0    4    0    0    0    5   10    0    0    0    0    0    0    0    0    0    0    0    0    0    0    0    0    0    0    0  -16    0    9 
 24 ID     0    0    0    0    4    0    0    0    5   10    0    0    0    0    0    0    0    0    0    0    0    0    0    0    0    0    0    0    0  -16    0    9 
 24 EX     0    0    0    0    4    0    0    0    5   10    0    0    0    0    0    0    0    0    0    0    0    0    0    0    0    0    0    0    0  -16    0    9 
 24 MEM    0    0    0    0    4    0    0    0    5   10    0    0    0    0    0    0    0    0    0    0    0    0    0    0    0    0    0    0    0  -16    0    9 
 24 WB     0    0    0    0    4    0    0    0    9   10    0    0    0    0    0    0    0    0    0    0    0    0    0    0    0    0    0    0    0  -16    0    9 

add $t1, $t0, $a0:
 PC FASE $zero $at  $v0  $v1  $a0  $a1  $a2  $a3  $t0  $t1  $t2  $t3  $t4  $t5  $t6  $t7  $s0  $s1  $s2  $s3  $s4  $s5  $s6  $s7  $t8  $t9  $k0  $k1  $gp  $sp  $fp  $ra
 28 IF     0    0    0    0    4    0    0    0    9   10    0    0    0    0    0    0    0    0    0    0    0    0    0    0    0    0    0    0    0  -16    0    9 
 28 ID     0    0    0    0    4    0    0    0    9   10    0    0    0    0    0    0    0    0    0    0    0    0    0    0    0    0    0    0    0  -16    0    9 
 28 EX     0    0    0    0    4    0    0    0    9   10    0    0    0    0    0    0    0    0    0    0    0    0    0    0    0    0    0    0    0  -16    0    9 
 28 MEM    0    0    0    0    4    0    0    0    9   10    0    0    0    0    0    0    0    0    0    0    0    0    0    0    0    0    0    0    0  -16    0    9 
 28 WB     0    0    0    0    4    0    0    0    9   13    0    0    0    0    0    0    0    0    0    0    0    0    0    0    0    0    0    0    0  -16    0    9 

jal factorial:
 PC FASE $zero $at  $v0  $v1  $a0  $a1  $a2  $a3  $t0  $t1  $t2  $t3  $t4  $t5  $t6  $t7  $s0  $s1  $s2  $s3  $s4  $s5  $s6  $s7  $t8  $t9  $k0  $k1  $gp  $sp  $fp  $ra
 32 IF     0    0    0    0    4    0    0    0    9   13    0    0    0    0    0    0    0    0    0    0    0    0    0    0    0    0    0    0    0  -16    0    9 
  4 ID     0    0    0    0    4    0    0    0    9   13    0    0    0    0    0    0    0    0    0    0    0    0    0    0    0    0    0    0    0  -16    0    9 
  4 EX     0    0    0    0    4    0    0    0    9   13    0    0    0    0    0    0    0    0    0    0    0    0    0    0    0    0    0    0    0  -16    0    9 
  4 MEM    0    0    0    0    4    0    0    0    9   13    0    0    0    0    0    0    0    0    0    0    0    0    0    0    0    0    0    0    0  -16    0    9 
  4 WB     0    0    0    0    4    0    0    0    9   13    0    0    0    0    0    0    0    0    0    0    0    0    0    0    0    0    0    0    0  -16    0    9 

beq $a0, $zero, condicionBorde:
 PC FASE $zero $at  $v0  $v1  $a0  $a1  $a2  $a3  $t0  $t1  $t2  $t3  $t4  $t5  $t6  $t7  $s0  $s1  $s2  $s3  $s4  $s5  $s6  $s7  $t8  $t9  $k0  $k1  $gp  $sp  $fp  $ra
  4 IF     0    0    0    0    4    0    0    0    9   13    0    0    0    0    0    0    0    0    0    0    0    0    0    0    0    0    0    0    0  -16    0    9 
  4 ID     0    0    0    0    4    0    0    0    9   13    0    0    0    0    0    0    0    0    0    0    0    0    0    0    0    0    0    0    0  -16    0    9 
  4 EX     0    0    0    0    4    0    0    0    9   13    0    0    0    0    0    0    0    0    0    0    0    0    0    0    0    0    0    0    0  -16    0    9 
  4 MEM    0    0    0    0    4    0    0    0    9   13    0    0    0    0    0    0    0    0    0    0    0    0    0    0    0    0    0    0    0  -16    0    9 
  4 WB     0    0    0    0    4    0    0    0    9   13    0    0    0    0    0    0    0    0    0    0    0    0    0    0    0    0    0    0    0  -16    0    9 

addi $sp, $sp, -8:
 PC FASE $zero $at  $v0  $v1  $a0  $a1  $a2  $a3  $t0  $t1  $t2  $t3  $t4  $t5  $t6  $t7  $s0  $s1  $s2  $s3  $s4  $s5  $s6  $s7  $t8  $t9  $k0  $k1  $gp  $sp  $fp  $ra
  8 IF     0    0    0    0    4    0    0    0    9   13    0    0    0    0    0    0    0    0    0    0    0    0    0    0    0    0    0    0    0  -16    0    9 
  8 ID     0    0    0    0    4    0    0    0    9   13    0    0    0    0    0    0    0    0    0    0    0    0    0    0    0    0    0    0    0  -16    0    9 
  8 EX     0    0    0    0    4    0    0    0    9   13    0    0    0    0    0    0    0    0    0    0    0    0    0    0    0    0    0    0    0  -16    0    9 
  8 MEM    0    0    0    0    4    0    0    0    9   13    0    0    0    0    0    0    0    0    0    0    0    0    0    0    0    0    0    0    0  -16    0    9 
  8 WB     0    0    0    0    4    0    0    0    9   13    0    0    0    0    0    0    0    0    0    0    0    0    0    0    0    0    0    0    0  -24    0    9 

sw $ra, 0($sp):
 PC FASE $zero $at  $v0  $v1  $a0  $a1  $a2  $a3  $t0  $t1  $t2  $t3  $t4  $t5  $t6  $t7  $s0  $s1  $s2  $s3  $s4  $s5  $s6  $s7  $t8  $t9  $k0  $k1  $gp  $sp  $fp  $ra
 12 IF     0    0    0    0    4    0    0    0    9   13    0    0    0    0    0    0    0    0    0    0    0    0    0    0    0    0    0    0    0  -24    0    9 
 12 ID     0    0    0    0    4    0    0    0    9   13    0    0    0    0    0    0    0    0    0    0    0    0    0    0    0    0    0    0    0  -24    0    9 
 12 EX     0    0    0    0    4    0    0    0    9   13    0    0    0    0    0    0    0    0    0    0    0    0    0    0    0    0    0    0    0  -24    0    9 
 12 MEM    0    0    0    0    4    0    0    0    9   13    0    0    0    0    0    0    0    0    0    0    0    0    0    0    0    0    0    0    0  -24    0    9 
 12 WB     0    0    0    0    4    0    0    0    9   13    0    0    0    0    0    0    0    0    0    0    0    0    0    0    0    0    0    0    0  -24    0    9 

sw $a0, 4($sp):
 PC FASE $zero $at  $v0  $v1  $a0  $a1  $a2  $a3  $t0  $t1  $t2  $t3  $t4  $t5  $t6  $t7  $s0  $s1  $s2  $s3  $s4  $s5  $s6  $s7  $t8  $t9  $k0  $k1  $gp  $sp  $fp  $ra
 16 IF     0    0    0    0    4    0    0    0    9   13    0    0    0    0    0    0    0    0    0    0    0    0    0    0    0    0    0    0    0  -24    0    9 
 16 ID     0    0    0    0    4    0    0    0    9   13    0    0    0    0    0    0    0    0    0    0    0    0    0    0    0    0    0    0    0  -24    0    9 
 16 EX     0    0    0    0    4    0    0    0    9   13    0    0    0    0    0    0    0    0    0    0    0    0    0    0    0    0    0    0    0  -24    0    9 
 16 MEM    0    0    0    0    4    0    0    0    9   13    0    0    0    0    0    0    0    0    0    0    0    0    0    0    0    0    0    0    0  -24    0    9 
 16 WB     0    0    0    0    4    0    0    0    9   13    0    0    0    0    0    0    0    0    0    0    0    0    0    0    0    0    0    0    0  -24    0    9 

addi $a0, $a0, -1:
 PC FASE $zero $at  $v0  $v1  $a0  $a1  $a2  $a3  $t0  $t1  $t2  $t3  $t4  $t5  $t6  $t7  $s0  $s1  $s2  $s3  $s4  $s5  $s6  $s7  $t8  $t9  $k0  $k1  $gp  $sp  $fp  $ra
 20 IF     0    0    0    0    4    0    0    0    9   13    0    0    0    0    0    0    0    0    0    0    0    0    0    0    0    0    0    0    0  -24    0    9 
 20 ID     0    0    0    0    4    0    0    0    9   13    0    0    0    0    0    0    0    0    0    0    0    0    0    0    0    0    0    0    0  -24    0    9 
 20 EX     0    0    0    0    4    0    0    0    9   13    0    0    0    0    0    0    0    0    0    0    0    0    0    0    0    0    0    0    0  -24    0    9 
 20 MEM    0    0    0    0    4    0    0    0    9   13    0    0    0    0    0    0    0    0    0    0    0    0    0    0    0    0    0    0    0  -24    0    9 
 20 WB     0    0    0    0    3    0    0    0    9   13    0    0    0    0    0    0    0    0    0    0    0    0    0    0    0    0    0    0    0  -24    0    9 

add $t0, $t0, $a0:
 PC FASE $zero $at  $v0  $v1  $a0  $a1  $a2  $a3  $t0  $t1  $t2  $t3  $t4  $t5  $t6  $t7  $s0  $s1  $s2  $s3  $s4  $s5  $s6  $s7  $t8  $t9  $k0  $k1  $gp  $sp  $fp  $ra
 24 IF     0    0    0    0    3    0    0    0    9   13    0    0    0    0    0    0    0    0    0    0    0    0    0    0    0    0    0    0    0  -24    0    9 
 24 ID     0    0    0    0    3    0    0    0    9   13    0    0    0    0    0    0    0    0    0    0    0    0    0    0    0    0    0    0    0  -24    0    9 
 24 EX     0    0    0    0    3    0    0    0    9   13    0    0    0    0    0    0    0    0    0    0    0    0    0    0    0    0    0    0    0  -24    0    9 
 24 MEM    0    0    0    0    3    0    0    0    9   13    0    0    0    0    0    0    0    0    0    0    0    0    0    0    0    0    0    0    0  -24    0    9 
 24 WB     0    0    0    0    3    0    0    0   12   13    0    0    0    0    0    0    0    0    0    0    0    0    0    0    0    0    0    0    0  -24    0    9 

add $t1, $t0, $a0:
 PC FASE $zero $at  $v0  $v1  $a0  $a1  $a2  $a3  $t0  $t1  $t2  $t3  $t4  $t5  $t6  $t7  $s0  $s1  $s2  $s3  $s4  $s5  $s6  $s7  $t8  $t9  $k0  $k1  $gp  $sp  $fp  $ra
 28 IF     0    0    0    0    3    0    0    0   12   13    0    0    0    0    0    0    0    0    0    0    0    0    0    0    0    0    0    0    0  -24    0    9 
 28 ID     0    0    0    0    3    0    0    0   12   13    0    0    0    0    0    0    0    0    0    0    0    0    0    0    0    0    0    0    0  -24    0    9 
 28 EX     0    0    0    0    3    0    0    0   12   13    0    0    0    0    0    0    0    0    0    0    0    0    0    0    0    0    0    0    0  -24    0    9 
 28 MEM    0    0    0    0    3    0    0    0   12   13    0    0    0    0    0    0    0    0    0    0    0    0    0    0    0    0    0    0    0  -24    0    9 
 28 WB     0    0    0    0    3    0    0    0   12   15    0    0    0    0    0    0    0    0    0    0    0    0    0    0    0    0    0    0    0  -24    0    9 

jal factorial:
 PC FASE $zero $at  $v0  $v1  $a0  $a1  $a2  $a3  $t0  $t1  $t2  $t3  $t4  $t5  $t6  $t7  $s0  $s1  $s2  $s3  $s4  $s5  $s6  $s7  $t8  $t9  $k0  $k1  $gp  $sp  $fp  $ra
 32 IF     0    0    0    0    3    0    0    0   12   15    0    0    0    0    0    0    0    0    0    0    0    0    0    0    0    0    0    0    0  -24    0    9 
  4 ID     0    0    0    0    3    0    0    0   12   15    0    0    0    0    0    0    0    0    0    0    0    0    0    0    0    0    0    0    0  -24    0    9 
  4 EX     0    0    0    0    3    0    0    0   12   15    0    0    0    0    0    0    0    0    0    0    0    0    0    0    0    0    0    0    0  -24    0    9 
  4 MEM    0    0    0    0    3    0    0    0   12   15    0    0    0    0    0    0    0    0    0    0    0    0    0    0    0    0    0    0    0  -24    0    9 
  4 WB     0    0    0    0    3    0    0    0   12   15    0    0    0    0    0    0    0    0    0    0    0    0    0    0    0    0    0    0    0  -24    0    9 

beq $a0, $zero, condicionBorde:
 PC FASE $zero $at  $v0  $v1  $a0  $a1  $a2  $a3  $t0  $t1  $t2  $t3  $t4  $t5  $t6  $t7  $s0  $s1  $s2  $s3  $s4  $s5  $s6  $s7  $t8  $t9  $k0  $k1  $gp  $sp  $fp  $ra
  4 IF     0    0    0    0    3    0    0    0   12   15    0    0    0    0    0    0    0    0    0    0    0    0    0    0    0    0    0    0    0  -24    0    9 
  4 ID     0    0    0    0    3    0    0    0   12   15    0    0    0    0    0    0    0    0    0    0    0    0    0    0    0    0    0    0    0  -24    0    9 
  4 EX     0    0    0    0    3    0    0    0   12   15    0    0    0    0    0    0    0    0    0    0    0    0    0    0    0    0    0    0    0  -24    0    9 
  4 MEM    0    0    0    0    3    0    0    0   12   15    0    0    0    0    0    0    0    0    0    0    0    0    0    0    0    0    0    0    0  -24    0    9 
  4 WB     0    0    0    0    3    0    0    0   12   15    0    0    0    0    0    0    0    0    0    0    0    0    0    0    0    0    0    0    0  -24    0    9 

addi $sp, $sp, -8:
 PC FASE $zero $at  $v0  $v1  $a0  $a1  $a2  $a3  $t0  $t1  $t2  $t3  $t4  $t5  $t6  $t7  $s0  $s1  $s2  $s3  $s4  $s5  $s6  $s7  $t8  $t9  $k0  $k1  $gp  $sp  $fp  $ra
  8 IF     0    0    0    0    3    0    0    0   12   15    0    0    0    0    0    0    0    0    0    0    0    0    0    0    0    0    0    0    0  -24    0    9 
  8 ID     0    0    0    0    3    0    0    0   12   15    0    0    0    0    0    0    0    0    0    0    0    0    0    0    0    0    0    0    0  -24    0    9 
  8 EX     0    0    0    0    3    0    0    0   12   15    0    0    0    0    0    0    0    0    0    0    0    0    0    0    0    0    0    0    0  -24    0    9 
  8 MEM    0    0    0    0    3    0    0    0   12   15    0    0    0    0    0    0    0    0    0    0    0    0    0    0    0    0    0    0    0  -24    0    9 
  8 WB     0    0    0    0    3    0    0    0   12   15    0    0    0    0    0    0    0    0    0    0    0    0    0    0    0    0    0    0    0  -32    0    9 

sw $ra, 0($sp):
 PC FASE $zero $at  $v0  $v1  $a0  $a1  $a2  $a3  $t0  $t1  $t2  $t3  $t4  $t5  $t6  $t7  $s0  $s1  $s2  $s3  $s4  $s5  $s6  $s7  $t8  $t9  $k0  $k1  $gp  $sp  $fp  $ra
 12 IF     0    0    0    0    3    0    0    0   12   15    0    0    0    0    0    0    0    0    0    0    0    0    0    0    0    0    0    0    0  -32    0    9 
 12 ID     0    0    0    0    3    0    0    0   12   15    0    0    0    0    0    0    0    0    0    0    0    0    0    0    0    0    0    0    0  -32    0    9 
 12 EX     0    0    0    0    3    0    0    0   12   15    0    0    0    0    0    0    0    0    0    0    0    0    0    0    0    0    0    0    0  -32    0    9 
 12 MEM    0    0    0    0    3    0    0    0   12   15    0    0    0    0    0    0    0    0    0    0    0    0    0    0    0    0    0    0    0  -32    0    9 
 12 WB     0    0    0    0    3    0    0    0   12   15    0    0    0    0    0    0    0    0    0    0    0    0    0    0    0    0    0    0    0  -32    0    9 

sw $a0, 4($sp):
 PC FASE $zero $at  $v0  $v1  $a0  $a1  $a2  $a3  $t0  $t1  $t2  $t3  $t4  $t5  $t6  $t7  $s0  $s1  $s2  $s3  $s4  $s5  $s6  $s7  $t8  $t9  $k0  $k1  $gp  $sp  $fp  $ra
 16 IF     0    0    0    0    3    0    0    0   12   15    0    0    0    0    0    0    0    0    0    0    0    0    0    0    0    0    0    0    0  -32    0    9 
 16 ID     0    0    0    0    3    0    0    0   12   15    0    0    0    0    0    0    0    0    0    0    0    0    0    0    0    0    0    0    0  -32    0    9 
 16 EX     0    0    0    0    3    0    0    0   12   15    0    0    0    0    0    0    0    0    0    0    0    0    0    0    0    0    0    0    0  -32    0    9 
 16 MEM    0    0    0    0    3    0    0    0   12   15    0    0    0    0    0    0    0    0    0    0    0    0    0    0    0    0    0    0    0  -32    0    9 
 16 WB     0    0    0    0    3    0    0    0   12   15    0    0    0    0    0    0    0    0    0    0    0    0    0    0    0    0    0    0    0  -32    0    9 

addi $a0, $a0, -1:
 PC FASE $zero $at  $v0  $v1  $a0  $a1  $a2  $a3  $t0  $t1  $t2  $t3  $t4  $t5  $t6  $t7  $s0  $s1  $s2  $s3  $s4  $s5  $s6  $s7  $t8  $t9  $k0  $k1  $gp  $sp  $fp  $ra
 20 IF     0    0    0    0    3    0    0    0   12   15    0    0    0    0    0    0    0    0    0    0    0    0    0    0    0    0    0    0    0  -32    0    9 
 20 ID     0    0    0    0    3    0    0    0   12   15    0    0    0    0    0    0    0    0    0    0    0    0    0    0    0    0    0    0    0  -32    0    9 
 20 EX     0    0    0    0    3    0    0    0   12   15    0    0    0    0    0    0    0    0    0    0    0    0    0    0    0    0    0    0    0  -32    0    9 
 20 MEM    0    0    0    0    3    0    0    0   12   15    0    0    0    0    0    0    0    0    0    0    0    0    0    0    0    0    0    0    0  -32    0    9 
 20 WB     0    0    0    0    2    0    0    0   12   15    0    0    0    0    0    0    0    0    0    0    0    0    0    0    0    0    0    0    0  -32    0    9 

add $t0, $t0, $a0:
 PC FASE $zero $at  $v0  $v1  $a0  $a1  $a2  $a3  $t0  $t1  $t2  $t3  $t4  $t5  $t6  $t7  $s0  $s1  $s2  $s3  $s4  $s5  $s6  $s7  $t8  $t9  $k0  $k1  $gp  $sp  $fp  $ra
 24 IF     0    0    0    0    2    0    0    0   12   15    0    0    0    0    0    0    0    0    0    0    0    0    0    0    0    0    0    0    0  -32    0    9 
 24 ID     0    0    0    0    2    0    0    0   12   15    0    0    0    0    0    0    0    0    0    0    0    0    0    0    0    0    0    0    0  -32    0    9 
 24 EX     0    0    0    0    2    0    0    0   12   15    0    0    0    0    0    0    0    0    0    0    0    0    0    0    0    0    0    0    0  -32    0    9 
 24 MEM    0    0    0    0    2    0    0    0   12   15    0    0    0    0    0    0    0    0    0    0    0    0    0    0    0    0    0    0    0  -32    0    9 
 24 WB     0    0    0    0    2    0    0    0   14   15    0    0    0    0    0    0    0    0    0    0    0    0    0    0    0    0    0    0    0  -32    0    9 

add $t1, $t0, $a0:
 PC FASE $zero $at  $v0  $v1  $a0  $a1  $a2  $a3  $t0  $t1  $t2  $t3  $t4  $t5  $t6  $t7  $s0  $s1  $s2  $s3  $s4  $s5  $s6  $s7  $t8  $t9  $k0  $k1  $gp  $sp  $fp  $ra
 28 IF     0    0    0    0    2    0    0    0   14   15    0    0    0    0    0    0    0    0    0    0    0    0    0    0    0    0    0    0    0  -32    0    9 
 28 ID     0    0    0    0    2    0    0    0   14   15    0    0    0    0    0    0    0    0    0    0    0    0    0    0    0    0    0    0    0  -32    0    9 
 28 EX     0    0    0    0    2    0    0    0   14   15    0    0    0    0    0    0    0    0    0    0    0    0    0    0    0    0    0    0    0  -32    0    9 
 28 MEM    0    0    0    0    2    0    0    0   14   15    0    0    0    0    0    0    0    0    0    0    0    0    0    0    0    0    0    0    0  -32    0    9 
 28 WB     0    0    0    0    2    0    0    0   14   16    0    0    0    0    0    0    0    0    0    0    0    0    0    0    0    0    0    0    0  -32    0    9 

jal factorial:
 PC FASE $zero $at  $v0  $v1  $a0  $a1  $a2  $a3  $t0  $t1  $t2  $t3  $t4  $t5  $t6  $t7  $s0  $s1  $s2  $s3  $s4  $s5  $s6  $s7  $t8  $t9  $k0  $k1  $gp  $sp  $fp  $ra
 32 IF     0    0    0    0    2    0    0    0   14   16    0    0    0    0    0    0    0    0    0    0    0    0    0    0    0    0    0    0    0  -32    0    9 
  4 ID     0    0    0    0    2    0    0    0   14   16    0    0    0    0    0    0    0    0    0    0    0    0    0    0    0    0    0    0    0  -32    0    9 
  4 EX     0    0    0    0    2    0    0    0   14   16    0    0    0    0    0    0    0    0    0    0    0    0    0    0    0    0    0    0    0  -32    0    9 
  4 MEM    0    0    0    0    2    0    0    0   14   16    0    0    0    0    0    0    0    0    0    0    0    0    0    0    0    0    0    0    0  -32    0    9 
  4 WB     0    0    0    0    2    0    0    0   14   16    0    0    0    0    0    0    0    0    0    0    0    0    0    0    0    0    0    0    0  -32    0    9 

beq $a0, $zero, condicionBorde:
 PC FASE $zero $at  $v0  $v1  $a0  $a1  $a2  $a3  $t0  $t1  $t2  $t3  $t4  $t5  $t6  $t7  $s0  $s1  $s2  $s3  $s4  $s5  $s6  $s7  $t8  $t9  $k0  $k1  $gp  $sp  $fp  $ra
  4 IF     0    0    0    0    2    0    0    0   14   16    0    0    0    0    0    0    0    0    0    0    0    0    0    0    0    0    0    0    0  -32    0    9 
  4 ID     0    0    0    0    2    0    0    0   14   16    0    0    0    0    0    0    0    0    0    0    0    0    0    0    0    0    0    0    0  -32    0    9 
  4 EX     0    0    0    0    2    0    0    0   14   16    0    0    0    0    0    0    0    0    0    0    0    0    0    0    0    0    0    0    0  -32    0    9 
  4 MEM    0    0    0    0    2    0    0    0   14   16    0    0    0    0    0    0    0    0    0    0    0    0    0    0    0    0    0    0    0  -32    0    9 
  4 WB     0    0    0    0    2    0    0    0   14   16    0    0    0    0    0    0    0    0    0    0    0    0    0    0    0    0    0    0    0  -32    0    9 

addi $sp, $sp, -8:
 PC FASE $zero $at  $v0  $v1  $a0  $a1  $a2  $a3  $t0  $t1  $t2  $t3  $t4  $t5  $t6  $t7  $s0  $s1  $s2  $s3  $s4  $s5  $s6  $s7  $t8  $t9  $k0  $k1  $gp  $sp  $fp  $ra
  8 IF     0    0    0    0    2    0    0    0   14   16    0    0    0    0    0    0    0    0    0    0    0    0    0    0    0    0    0    0    0  -32    0    9 
  8 ID     0    0    0    0    2    0    0    0   14   16    0    0    0    0    0    0    0    0    0    0    0    0    0    0    0    0    0    0    0  -32    0    9 
  8 EX     0    0    0    0    2    0    0    0   14   16    0    0    0    0    0    0    0    0    0    0    0    0    0    0    0    0    0    0    0  -32    0    9 
  8 MEM    0    0    0    0    2    0    0    0   14   16    0    0    0    0    0    0    0    0    0    0    0    0    0    0    0    0    0    0    0  -32    0    9 
  8 WB     0    0    0    0    2    0    0    0   14   16    0    0    0    0    0    0    0    0    0    0    0    0    0    0    0    0    0    0    0  -40    0    9 

sw $ra, 0($sp):
 PC FASE $zero $at  $v0  $v1  $a0  $a1  $a2  $a3  $t0  $t1  $t2  $t3  $t4  $t5  $t6  $t7  $s0  $s1  $s2  $s3  $s4  $s5  $s6  $s7  $t8  $t9  $k0  $k1  $gp  $sp  $fp  $ra
 12 IF     0    0    0    0    2    0    0    0   14   16    0    0    0    0    0    0    0    0    0    0    0    0    0    0    0    0    0    0    0  -40    0    9 
 12 ID     0    0    0    0    2    0    0    0   14   16    0    0    0    0    0    0    0    0    0    0    0    0    0    0    0    0    0    0    0  -40    0    9 
 12 EX     0    0    0    0    2    0    0    0   14   16    0    0    0    0    0    0    0    0    0    0    0    0    0    0    0    0    0    0    0  -40    0    9 
 12 MEM    0    0    0    0    2    0    0    0   14   16    0    0    0    0    0    0    0    0    0    0    0    0    0    0    0    0    0    0    0  -40    0    9 
 12 WB     0    0    0    0    2    0    0    0   14   16    0    0    0    0    0    0    0    0    0    0    0    0    0    0    0    0    0    0    0  -40    0    9 

sw $a0, 4($sp):
 PC FASE $zero $at  $v0  $v1  $a0  $a1  $a2  $a3  $t0  $t1  $t2  $t3  $t4  $t5  $t6  $t7  $s0  $s1  $s2  $s3  $s4  $s5  $s6  $s7  $t8  $t9  $k0  $k1  $gp  $sp  $fp  $ra
 16 IF     0    0    0    0    2    0    0    0   14   16    0    0    0    0    0    0    0    0    0    0    0    0    0    0    0    0    0    0    0  -40    0    9 
 16 ID     0    0    0    0    2    0    0    0   14   16    0    0    0    0    0    0    0    0    0    0    0    0    0    0    0    0    0    0    0  -40    0    9 
 16 EX     0    0    0    0    2    0    0    0   14   16    0    0    0    0    0    0    0    0    0    0    0    0    0    0    0    0    0    0    0  -40    0    9 
 16 MEM    0    0    0    0    2    0    0    0   14   16    0    0    0    0    0    0    0    0    0    0    0    0    0    0    0    0    0    0    0  -40    0    9 
 16 WB     0    0    0    0    2    0    0    0   14   16    0    0    0    0    0    0    0    0    0    0    0    0    0    0    0    0    0    0    0  -40    0    9 

addi $a0, $a0, -1:
 PC FASE $zero $at  $v0  $v1  $a0  $a1  $a2  $a3  $t0  $t1  $t2  $t3  $t4  $t5  $t6  $t7  $s0  $s1  $s2  $s3  $s4  $s5  $s6  $s7  $t8  $t9  $k0  $k1  $gp  $sp  $fp  $ra
 20 IF     0    0    0    0    2    0    0    0   14   16    0    0    0    0    0    0    0    0    0    0    0    0    0    0    0    0    0    0    0  -40    0    9 
 20 ID     0    0    0    0    2    0    0    0   14   16    0    0    0    0    0    0    0    0    0    0    0    0    0    0    0    0    0    0    0  -40    0    9 
 20 EX     0    0    0    0    2    0    0    0   14   16    0    0    0    0    0    0    0    0    0    0    0    0    0    0    0    0    0    0    0  -40    0    9 
 20 MEM    0    0    0    0    2    0    0    0   14   16    0    0    0    0    0    0    0    0    0    0    0    0    0    0    0    0    0    0    0  -40    0    9 
 20 WB     0    0    0    0    1    0    0    0   14   16    0    0    0    0    0    0    0    0    0    0    0    0    0    0    0    0    0    0    0  -40    0    9 

add $t0, $t0, $a0:
 PC FASE $zero $at  $v0  $v1  $a0  $a1  $a2  $a3  $t0  $t1  $t2  $t3  $t4  $t5  $t6  $t7  $s0  $s1  $s2  $s3  $s4  $s5  $s6  $s7  $t8  $t9  $k0  $k1  $gp  $sp  $fp  $ra
 24 IF     0    0    0    0    1    0    0    0   14   16    0    0    0    0    0    0    0    0    0    0    0    0    0    0    0    0    0    0    0  -40    0    9 
 24 ID     0    0    0    0    1    0    0    0   14   16    0    0    0    0    0    0    0    0    0    0    0    0    0    0    0    0    0    0    0  -40    0    9 
 24 EX     0    0    0    0    1    0    0    0   14   16    0    0    0    0    0    0    0    0    0    0    0    0    0    0    0    0    0    0    0  -40    0    9 
 24 MEM    0    0    0    0    1    0    0    0   14   16    0    0    0    0    0    0    0    0    0    0    0    0    0    0    0    0    0    0    0  -40    0    9 
 24 WB     0    0    0    0    1    0    0    0   15   16    0    0    0    0    0    0    0    0    0    0    0    0    0    0    0    0    0    0    0  -40    0    9 

add $t1, $t0, $a0:
 PC FASE $zero $at  $v0  $v1  $a0  $a1  $a2  $a3  $t0  $t1  $t2  $t3  $t4  $t5  $t6  $t7  $s0  $s1  $s2  $s3  $s4  $s5  $s6  $s7  $t8  $t9  $k0  $k1  $gp  $sp  $fp  $ra
 28 IF     0    0    0    0    1    0    0    0   15   16    0    0    0    0    0    0    0    0    0    0    0    0    0    0    0    0    0    0    0  -40    0    9 
 28 ID     0    0    0    0    1    0    0    0   15   16    0    0    0    0    0    0    0    0    0    0    0    0    0    0    0    0    0    0    0  -40    0    9 
 28 EX     0    0    0    0    1    0    0    0   15   16    0    0    0    0    0    0    0    0    0    0    0    0    0    0    0    0    0    0    0  -40    0    9 
 28 MEM    0    0    0    0    1    0    0    0   15   16    0    0    0    0    0    0    0    0    0    0    0    0    0    0    0    0    0    0    0  -40    0    9 
 28 WB     0    0    0    0    1    0    0    0   15   16    0    0    0    0    0    0    0    0    0    0    0    0    0    0    0    0    0    0    0  -40    0    9 

jal factorial:
 PC FASE $zero $at  $v0  $v1  $a0  $a1  $a2  $a3  $t0  $t1  $t2  $t3  $t4  $t5  $t6  $t7  $s0  $s1  $s2  $s3  $s4  $s5  $s6  $s7  $t8  $t9  $k0  $k1  $gp  $sp  $fp  $ra
 32 IF     0    0    0    0    1    0    0    0   15   16    0    0    0    0    0    0    0    0    0    0    0    0    0    0    0    0    0    0    0  -40    0    9 
  4 ID     0    0    0    0    1    0    0    0   15   16    0    0    0    0    0    0    0    0    0    0    0    0    0    0    0    0    0    0    0  -40    0    9 
  4 EX     0    0    0    0    1    0    0    0   15   16    0    0    0    0    0    0    0    0    0    0    0    0    0    0    0    0    0    0    0  -40    0    9 
  4 MEM    0    0    0    0    1    0    0    0   15   16    0    0    0    0    0    0    0    0    0    0    0    0    0    0    0    0    0    0    0  -40    0    9 
  4 WB     0    0    0    0    1    0    0    0   15   16    0    0    0    0    0    0    0    0    0    0    0    0    0    0    0    0    0    0    0  -40    0    9 

beq $a0, $zero, condicionBorde:
 PC FASE $zero $at  $v0  $v1  $a0  $a1  $a2  $a3  $t0  $t1  $t2  $t3  $t4  $t5  $t6  $t7  $s0  $s1  $s2  $s3  $s4  $s5  $s6  $s7  $t8  $t9  $k0  $k1  $gp  $sp  $fp  $ra
  4 IF     0    0    0    0    1    0    0    0   15   16    0    0    0    0    0    0    0    0    0    0    0    0    0    0    0    0    0    0    0  -40    0    9 
  4 ID     0    0    0    0    1    0    0    0   15   16    0    0    0    0    0    0    0    0    0    0    0    0    0    0    0    0    0    0    0  -40    0    9 
  4 EX     0    0    0    0    1    0    0    0   15   16    0    0    0    0    0    0    0    0    0    0    0    0    0    0    0    0    0    0    0  -40    0    9 
  4 MEM    0    0    0    0    1    0    0    0   15   16    0    0    0    0    0    0    0    0    0    0    0    0    0    0    0    0    0    0    0  -40    0    9 
  4 WB     0    0    0    0    1    0    0    0   15   16    0    0    0    0    0    0    0    0    0    0    0    0    0    0    0    0    0    0    0  -40    0    9 

addi $sp, $sp, -8:
 PC FASE $zero $at  $v0  $v1  $a0  $a1  $a2  $a3  $t0  $t1  $t2  $t3  $t4  $t5  $t6  $t7  $s0  $s1  $s2  $s3  $s4  $s5  $s6  $s7  $t8  $t9  $k0  $k1  $gp  $sp  $fp  $ra
  8 IF     0    0    0    0    1    0    0    0   15   16    0    0    0    0    0    0    0    0    0    0    0    0    0    0    0    0    0    0    0  -40    0    9 
  8 ID     0    0    0    0    1    0    0    0   15   16    0    0    0    0    0    0    0    0    0    0    0    0    0    0    0    0    0    0    0  -40    0    9 
  8 EX     0    0    0    0    1    0    0    0   15   16    0    0    0    0    0    0    0    0    0    0    0    0    0    0    0    0    0    0    0  -40    0    9 
  8 MEM    0    0    0    0    1    0    0    0   15   16    0    0    0    0    0    0    0    0    0    0    0    0    0    0    0    0    0    0    0  -40    0    9 
  8 WB     0    0    0    0    1    0    0    0   15   16    0    0    0    0    0    0    0    0    0    0    0    0    0    0    0    0    0    0    0  -48    0    9 

sw $ra, 0($sp):
 PC FASE $zero $at  $v0  $v1  $a0  $a1  $a2  $a3  $t0  $t1  $t2  $t3  $t4  $t5  $t6  $t7  $s0  $s1  $s2  $s3  $s4  $s5  $s6  $s7  $t8  $t9  $k0  $k1  $gp  $sp  $fp  $ra
 12 IF     0    0    0    0    1    0    0    0   15   16    0    0    0    0    0    0    0    0    0    0    0    0    0    0    0    0    0    0    0  -48    0    9 
 12 ID     0    0    0    0    1    0    0    0   15   16    0    0    0    0    0    0    0    0    0    0    0    0    0    0    0    0    0    0    0  -48    0    9 
 12 EX     0    0    0    0    1    0    0    0   15   16    0    0    0    0    0    0    0    0    0    0    0    0    0    0    0    0    0    0    0  -48    0    9 
 12 MEM    0    0    0    0    1    0    0    0   15   16    0    0    0    0    0    0    0    0    0    0    0    0    0    0    0    0    0    0    0  -48    0    9 
 12 WB     0    0    0    0    1    0    0    0   15   16    0    0    0    0    0    0    0    0    0    0    0    0    0    0    0    0    0    0    0  -48    0    9 

sw $a0, 4($sp):
 PC FASE $zero $at  $v0  $v1  $a0  $a1  $a2  $a3  $t0  $t1  $t2  $t3  $t4  $t5  $t6  $t7  $s0  $s1  $s2  $s3  $s4  $s5  $s6  $s7  $t8  $t9  $k0  $k1  $gp  $sp  $fp  $ra
 16 IF     0    0    0    0    1    0    0    0   15   16    0    0    0    0    0    0    0    0    0    0    0    0    0    0    0    0    0    0    0  -48    0    9 
 16 ID     0    0    0    0    1    0    0    0   15   16    0    0    0    0    0    0    0    0    0    0    0    0    0    0    0    0    0    0    0  -48    0    9 
 16 EX     0    0    0    0    1    0    0    0   15   16    0    0    0    0    0    0    0    0    0    0    0    0    0    0    0    0    0    0    0  -48    0    9 
 16 MEM    0    0    0    0    1    0    0    0   15   16    0    0    0    0    0    0    0    0    0    0    0    0    0    0    0    0    0    0    0  -48    0    9 
 16 WB     0    0    0    0    1    0    0    0   15   16    0    0    0    0    0    0    0    0    0    0    0    0    0    0    0    0    0    0    0  -48    0    9 

addi $a0, $a0, -1:
 PC FASE $zero $at  $v0  $v1  $a0  $a1  $a2  $a3  $t0  $t1  $t2  $t3  $t4  $t5  $t6  $t7  $s0  $s1  $s2  $s3  $s4  $s5  $s6  $s7  $t8  $t9  $k0  $k1  $gp  $sp  $fp  $ra
 20 IF     0    0    0    0    1    0    0    0   15   16    0    0    0    0    0    0    0    0    0    0    0    0    0    0    0    0    0    0    0  -48    0    9 
 20 ID     0    0    0    0    1    0    0    0   15   16    0    0    0    0    0    0    0    0    0    0    0    0    0    0    0    0    0    0    0  -48    0    9 
 20 EX     0    0    0    0    1    0    0    0   15   16    0    0    0    0    0    0    0    0    0    0    0    0    0    0    0    0    0    0    0  -48    0    9 
 20 MEM    0    0    0    0    1    0    0    0   15   16    0    0    0    0    0    0    0    0    0    0    0    0    0    0    0    0    0    0    0  -48    0    9 
 20 WB     0    0    0    0    0    0    0    0   15   16    0    0    0    0    0    0    0    0    0    0    0    0    0    0    0    0    0    0    0  -48    0    9 

add $t0, $t0, $a0:
 PC FASE $zero $at  $v0  $v1  $a0  $a1  $a2  $a3  $t0  $t1  $t2  $t3  $t4  $t5  $t6  $t7  $s0  $s1  $s2  $s3  $s4  $s5  $s6  $s7  $t8  $t9  $k0  $k1  $gp  $sp  $fp  $ra
 24 IF     0    0    0    0    0    0    0    0   15   16    0    0    0    0    0    0    0    0    0    0    0    0    0    0    0    0    0    0    0  -48    0    9 
 24 ID     0    0    0    0    0    0    0    0   15   16    0    0    0    0    0    0    0    0    0    0    0    0    0    0    0    0    0    0    0  -48    0    9 
 24 EX     0    0    0    0    0    0    0    0   15   16    0    0    0    0    0    0    0    0    0    0    0    0    0    0    0    0    0    0    0  -48    0    9 
 24 MEM    0    0    0    0    0    0    0    0   15   16    0    0    0    0    0    0    0    0    0    0    0    0    0    0    0    0    0    0    0  -48    0    9 
 24 WB     0    0    0    0    0    0    0    0   15   16    0    0    0    0    0    0    0    0    0    0    0    0    0    0    0    0    0    0    0  -48    0    9 

add $t1, $t0, $a0:
 PC FASE $zero $at  $v0  $v1  $a0  $a1  $a2  $a3  $t0  $t1  $t2  $t3  $t4  $t5  $t6  $t7  $s0  $s1  $s2  $s3  $s4  $s5  $s6  $s7  $t8  $t9  $k0  $k1  $gp  $sp  $fp  $ra
 28 IF     0    0    0    0    0    0    0    0   15   16    0    0    0    0    0    0    0    0    0    0    0    0    0    0    0    0    0    0    0  -48    0    9 
 28 ID     0    0    0    0    0    0    0    0   15   16    0    0    0    0    0    0    0    0    0    0    0    0    0    0    0    0    0    0    0  -48    0    9 
 28 EX     0    0    0    0    0    0    0    0   15   16    0    0    0    0    0    0    0    0    0    0    0    0    0    0    0    0    0    0    0  -48    0    9 
 28 MEM    0    0    0    0    0    0    0    0   15   16    0    0    0    0    0    0    0    0    0    0    0    0    0    0    0    0    0    0    0  -48    0    9 
 28 WB     0    0    0    0    0    0    0    0   15   15    0    0    0    0    0    0    0    0    0    0    0    0    0    0    0    0    0    0    0  -48    0    9 

jal factorial:
 PC FASE $zero $at  $v0  $v1  $a0  $a1  $a2  $a3  $t0  $t1  $t2  $t3  $t4  $t5  $t6  $t7  $s0  $s1  $s2  $s3  $s4  $s5  $s6  $s7  $t8  $t9  $k0  $k1  $gp  $sp  $fp  $ra
 32 IF     0    0    0    0    0    0    0    0   15   15    0    0    0    0    0    0    0    0    0    0    0    0    0    0    0    0    0    0    0  -48    0    9 
  4 ID     0    0    0    0    0    0    0    0   15   15    0    0    0    0    0    0    0    0    0    0    0    0    0    0    0    0    0    0    0  -48    0    9 
  4 EX     0    0    0    0    0    0    0    0   15   15    0    0    0    0    0    0    0    0    0    0    0    0    0    0    0    0    0    0    0  -48    0    9 
  4 MEM    0    0    0    0    0    0    0    0   15   15    0    0    0    0    0    0    0    0    0    0    0    0    0    0    0    0    0    0    0  -48    0    9 
  4 WB     0    0    0    0    0    0    0    0   15   15    0    0    0    0    0    0    0    0    0    0    0    0    0    0    0    0    0    0    0  -48    0    9 

beq $a0, $zero, condicionBorde:
 PC FASE $zero $at  $v0  $v1  $a0  $a1  $a2  $a3  $t0  $t1  $t2  $t3  $t4  $t5  $t6  $t7  $s0  $s1  $s2  $s3  $s4  $s5  $s6  $s7  $t8  $t9  $k0  $k1  $gp  $sp  $fp  $ra
  4 IF     0    0    0    0    0    0    0    0   15   15    0    0    0    0    0    0    0    0    0    0    0    0    0    0    0    0    0    0    0  -48    0    9 
  4 ID     0    0    0    0    0    0    0    0   15   15    0    0    0    0    0    0    0    0    0    0    0    0    0    0    0    0    0    0    0  -48    0    9 
  4 EX     0    0    0    0    0    0    0    0   15   15    0    0    0    0    0    0    0    0    0    0    0    0    0    0    0    0    0    0    0  -48    0    9 
 56 MEM    0    0    0    0    0    0    0    0   15   15    0    0    0    0    0    0    0    0    0    0    0    0    0    0    0    0    0    0    0  -48    0    9 
 56 WB     0    0    0    0    0    0    0    0   15   15    0    0    0    0    0    0    0    0    0    0    0    0    0    0    0    0    0    0    0  -48    0    9 

addi $v0, $zero, 1:
 PC FASE $zero $at  $v0  $v1  $a0  $a1  $a2  $a3  $t0  $t1  $t2  $t3  $t4  $t5  $t6  $t7  $s0  $s1  $s2  $s3  $s4  $s5  $s6  $s7  $t8  $t9  $k0  $k1  $gp  $sp  $fp  $ra
 56 IF     0    0    0    0    0    0    0    0   15   15    0    0    0    0    0    0    0    0    0    0    0    0    0    0    0    0    0    0    0  -48    0    9 
 56 ID     0    0    0    0    0    0    0    0   15   15    0    0    0    0    0    0    0    0    0    0    0    0    0    0    0    0    0    0    0  -48    0    9 
 56 EX     0    0    0    0    0    0    0    0   15   15    0    0    0    0    0    0    0    0    0    0    0    0    0    0    0    0    0    0    0  -48    0    9 
 56 MEM    0    0    0    0    0    0    0    0   15   15    0    0    0    0    0    0    0    0    0    0    0    0    0    0    0    0    0    0    0  -48    0    9 
 56 WB     0    0    1    0    0    0    0    0   15   15    0    0    0    0    0    0    0    0    0    0    0    0    0    0    0    0    0    0    0  -48    0    9 

lw $ra, 0($sp):
 PC FASE $zero $at  $v0  $v1  $a0  $a1  $a2  $a3  $t0  $t1  $t2  $t3  $t4  $t5  $t6  $t7  $s0  $s1  $s2  $s3  $s4  $s5  $s6  $s7  $t8  $t9  $k0  $k1  $gp  $sp  $fp  $ra
 60 IF     0    0    1    0    0    0    0    0   15   15    0    0    0    0    0    0    0    0    0    0    0    0    0    0    0    0    0    0    0  -48    0    9 
 60 ID     0    0    1    0    0    0    0    0   15   15    0    0    0    0    0    0    0    0    0    0    0    0    0    0    0    0    0    0    0  -48    0    9 
 60 EX     0    0    1    0    0    0    0    0   15   15    0    0    0    0    0    0    0    0    0    0    0    0    0    0    0    0    0    0    0  -48    0    9 
 60 MEM    0    0    1    0    0    0    0    0   15   15    0    0    0    0    0    0    0    0    0    0    0    0    0    0    0    0    0    0    0  -48    0    9 
 60 WB     0    0    1    0    0    0    0    0   15   15    0    0    0    0    0    0    0    0    0    0    0    0    0    0    0    0    0    0    0  -48    0    9 

lw $a0, 4($sp):
 PC FASE $zero $at  $v0  $v1  $a0  $a1  $a2  $a3  $t0  $t1  $t2  $t3  $t4  $t5  $t6  $t7  $s0  $s1  $s2  $s3  $s4  $s5  $s6  $s7  $t8  $t9  $k0  $k1  $gp  $sp  $fp  $ra
 64 IF     0    0    1    0    0    0    0    0   15   15    0    0    0    0    0    0    0    0    0    0    0    0    0    0    0    0    0    0    0  -48    0    9 
 64 ID     0    0    1    0    0    0    0    0   15   15    0    0    0    0    0    0    0    0    0    0    0    0    0    0    0    0    0    0    0  -48    0    9 
 64 EX     0    0    1    0    0    0    0    0   15   15    0    0    0    0    0    0    0    0    0    0    0    0    0    0    0    0    0    0    0  -48    0    9 
 64 MEM    0    0    1    0    0    0    0    0   15   15    0    0    0    0    0    0    0    0    0    0    0    0    0    0    0    0    0    0    0  -48    0    9 
 64 WB     0    0    1    0    1    0    0    0   15   15    0    0    0    0    0    0    0    0    0    0    0    0    0    0    0    0    0    0    0  -48    0    9 

addi $sp, $sp, 4:
 PC FASE $zero $at  $v0  $v1  $a0  $a1  $a2  $a3  $t0  $t1  $t2  $t3  $t4  $t5  $t6  $t7  $s0  $s1  $s2  $s3  $s4  $s5  $s6  $s7  $t8  $t9  $k0  $k1  $gp  $sp  $fp  $ra
 68 IF     0    0    1    0    1    0    0    0   15   15    0    0    0    0    0    0    0    0    0    0    0    0    0    0    0    0    0    0    0  -48    0    9 
 68 ID     0    0    1    0    1    0    0    0   15   15    0    0    0    0    0    0    0    0    0    0    0    0    0    0    0    0    0    0    0  -48    0    9 
 68 EX     0    0    1    0    1    0    0    0   15   15    0    0    0    0    0    0    0    0    0    0    0    0    0    0    0    0    0    0    0  -48    0    9 
 68 MEM    0    0    1    0    1    0    0    0   15   15    0    0    0    0    0    0    0    0    0    0    0    0    0    0    0    0    0    0    0  -48    0    9 
 68 WB     0    0    1    0    1    0    0    0   15   15    0    0    0    0    0    0    0    0    0    0    0    0    0    0    0    0    0    0    0  -44    0    9 

addi $sp, $sp, 4:
 PC FASE $zero $at  $v0  $v1  $a0  $a1  $a2  $a3  $t0  $t1  $t2  $t3  $t4  $t5  $t6  $t7  $s0  $s1  $s2  $s3  $s4  $s5  $s6  $s7  $t8  $t9  $k0  $k1  $gp  $sp  $fp  $ra
 72 IF     0    0    1    0    1    0    0    0   15   15    0    0    0    0    0    0    0    0    0    0    0    0    0    0    0    0    0    0    0  -44    0    9 
 72 ID     0    0    1    0    1    0    0    0   15   15    0    0    0    0    0    0    0    0    0    0    0    0    0    0    0    0    0    0    0  -44    0    9 
 72 EX     0    0    1    0    1    0    0    0   15   15    0    0    0    0    0    0    0    0    0    0    0    0    0    0    0    0    0    0    0  -44    0    9 
 72 MEM    0    0    1    0    1    0    0    0   15   15    0    0    0    0    0    0    0    0    0    0    0    0    0    0    0    0    0    0    0  -44    0    9 
 72 WB     0    0    1    0    1    0    0    0   15   15    0    0    0    0    0    0    0    0    0    0    0    0    0    0    0    0    0    0    0  -40    0    9 

jr $ra:
 PC FASE $zero $at  $v0  $v1  $a0  $a1  $a2  $a3  $t0  $t1  $t2  $t3  $t4  $t5  $t6  $t7  $s0  $s1  $s2  $s3  $s4  $s5  $s6  $s7  $t8  $t9  $k0  $k1  $gp  $sp  $fp  $ra
 76 IF     0    0    1    0    1    0    0    0   15   15    0    0    0    0    0    0    0    0    0    0    0    0    0    0    0    0    0    0    0  -40    0    9 
 76 ID     0    0    1    0    1    0    0    0   15   15    0    0    0    0    0    0    0    0    0    0    0    0    0    0    0    0    0    0    0  -40    0    9 
 76 EX     0    0    1    0    1    0    0    0   15   15    0    0    0    0    0    0    0    0    0    0    0    0    0    0    0    0    0    0    0  -40    0    9 
 76 MEM    0    0    1    0    1    0    0    0   15   15    0    0    0    0    0    0    0    0    0    0    0    0    0    0    0    0    0    0    0  -40    0    9 
 36 WB     0    0    1    0    1    0    0    0   15   15    0    0    0    0    0    0    0    0    0    0    0    0    0    0    0    0    0    0    0  -40    0    9 

lw $ra, 0($sp):
 PC FASE $zero $at  $v0  $v1  $a0  $a1  $a2  $a3  $t0  $t1  $t2  $t3  $t4  $t5  $t6  $t7  $s0  $s1  $s2  $s3  $s4  $s5  $s6  $s7  $t8  $t9  $k0  $k1  $gp  $sp  $fp  $ra
 36 IF     0    0    1    0    1    0    0    0   15   15    0    0    0    0    0    0    0    0    0    0    0    0    0    0    0    0    0    0    0  -40    0    9 
 36 ID     0    0    1    0    1    0    0    0   15   15    0    0    0    0    0    0    0    0    0    0    0    0    0    0    0    0    0    0    0  -40    0    9 
 36 EX     0    0    1    0    1    0    0    0   15   15    0    0    0    0    0    0    0    0    0    0    0    0    0    0    0    0    0    0    0  -40    0    9 
 36 MEM    0    0    1    0    1    0    0    0   15   15    0    0    0    0    0    0    0    0    0    0    0    0    0    0    0    0    0    0    0  -40    0    9 
 36 WB     0    0    1    0    1    0    0    0   15   15    0    0    0    0    0    0    0    0    0    0    0    0    0    0    0    0    0    0    0  -40    0    9 

lw $a0, 4($sp):
 PC FASE $zero $at  $v0  $v1  $a0  $a1  $a2  $a3  $t0  $t1  $t2  $t3  $t4  $t5  $t6  $t7  $s0  $s1  $s2  $s3  $s4  $s5  $s6  $s7  $t8  $t9  $k0  $k1  $gp  $sp  $fp  $ra
 40 IF     0    0    1    0    1    0    0    0   15   15    0    0    0    0    0    0    0    0    0    0    0    0    0    0    0    0    0    0    0  -40    0    9 
 40 ID     0    0    1    0    1    0    0    0   15   15    0    0    0    0    0    0    0    0    0    0    0    0    0    0    0    0    0    0    0  -40    0    9 
 40 EX     0    0    1    0    1    0    0    0   15   15    0    0    0    0    0    0    0    0    0    0    0    0    0    0    0    0    0    0    0  -40    0    9 
 40 MEM    0    0    1    0    1    0    0    0   15   15    0    0    0    0    0    0    0    0    0    0    0    0    0    0    0    0    0    0    0  -40    0    9 
 40 WB     0    0    1    0    2    0    0    0   15   15    0    0    0    0    0    0    0    0    0    0    0    0    0    0    0    0    0    0    0  -40    0    9 

mul $v0, $v0, $a0:
 PC FASE $zero $at  $v0  $v1  $a0  $a1  $a2  $a3  $t0  $t1  $t2  $t3  $t4  $t5  $t6  $t7  $s0  $s1  $s2  $s3  $s4  $s5  $s6  $s7  $t8  $t9  $k0  $k1  $gp  $sp  $fp  $ra
 44 IF     0    0    1    0    2    0    0    0   15   15    0    0    0    0    0    0    0    0    0    0    0    0    0    0    0    0    0    0    0  -40    0    9 
 44 ID     0    0    1    0    2    0    0    0   15   15    0    0    0    0    0    0    0    0    0    0    0    0    0    0    0    0    0    0    0  -40    0    9 
 44 EX     0    0    1    0    2    0    0    0   15   15    0    0    0    0    0    0    0    0    0    0    0    0    0    0    0    0    0    0    0  -40    0    9 
 44 MEM    0    0    1    0    2    0    0    0   15   15    0    0    0    0    0    0    0    0    0    0    0    0    0    0    0    0    0    0    0  -40    0    9 
 44 WB     0    0    2    0    2    0    0    0   15   15    0    0    0    0    0    0    0    0    0    0    0    0    0    0    0    0    0    0    0  -40    0    9 

addi $sp, $sp, 8:
 PC FASE $zero $at  $v0  $v1  $a0  $a1  $a2  $a3  $t0  $t1  $t2  $t3  $t4  $t5  $t6  $t7  $s0  $s1  $s2  $s3  $s4  $s5  $s6  $s7  $t8  $t9  $k0  $k1  $gp  $sp  $fp  $ra
 48 IF     0    0    2    0    2    0    0    0   15   15    0    0    0    0    0    0    0    0    0    0    0    0    0    0    0    0    0    0    0  -40    0    9 
 48 ID     0    0    2    0    2    0    0    0   15   15    0    0    0    0    0    0    0    0    0    0    0    0    0    0    0    0    0    0    0  -40    0    9 
 48 EX     0    0    2    0    2    0    0    0   15   15    0    0    0    0    0    0    0    0    0    0    0    0    0    0    0    0    0    0    0  -40    0    9 
 48 MEM    0    0    2    0    2    0    0    0   15   15    0    0    0    0    0    0    0    0    0    0    0    0    0    0    0    0    0    0    0  -40    0    9 
 48 WB     0    0    2    0    2    0    0    0   15   15    0    0    0    0    0    0    0    0    0    0    0    0    0    0    0    0    0    0    0  -32    0    9 

jr $ra:
 PC FASE $zero $at  $v0  $v1  $a0  $a1  $a2  $a3  $t0  $t1  $t2  $t3  $t4  $t5  $t6  $t7  $s0  $s1  $s2  $s3  $s4  $s5  $s6  $s7  $t8  $t9  $k0  $k1  $gp  $sp  $fp  $ra
 52 IF     0    0    2    0    2    0    0    0   15   15    0    0    0    0    0    0    0    0    0    0    0    0    0    0    0    0    0    0    0  -32    0    9 
 52 ID     0    0    2    0    2    0    0    0   15   15    0    0    0    0    0    0    0    0    0    0    0    0    0    0    0    0    0    0    0  -32    0    9 
 52 EX     0    0    2    0    2    0    0    0   15   15    0    0    0    0    0    0    0    0    0    0    0    0    0    0    0    0    0    0    0  -32    0    9 
 52 MEM    0    0    2    0    2    0    0    0   15   15    0    0    0    0    0    0    0    0    0    0    0    0    0    0    0    0    0    0    0  -32    0    9 
 36 WB     0    0    2    0    2    0    0    0   15   15    0    0    0    0    0    0    0    0    0    0    0    0    0    0    0    0    0    0    0  -32    0    9 

lw $ra, 0($sp):
 PC FASE $zero $at  $v0  $v1  $a0  $a1  $a2  $a3  $t0  $t1  $t2  $t3  $t4  $t5  $t6  $t7  $s0  $s1  $s2  $s3  $s4  $s5  $s6  $s7  $t8  $t9  $k0  $k1  $gp  $sp  $fp  $ra
 36 IF     0    0    2    0    2    0    0    0   15   15    0    0    0    0    0    0    0    0    0    0    0    0    0    0    0    0    0    0    0  -32    0    9 
 36 ID     0    0    2    0    2    0    0    0   15   15    0    0    0    0    0    0    0    0    0    0    0    0    0    0    0    0    0    0    0  -32    0    9 
 36 EX     0    0    2    0    2    0    0    0   15   15    0    0    0    0    0    0    0    0    0    0    0    0    0    0    0    0    0    0    0  -32    0    9 
 36 MEM    0    0    2    0    2    0    0    0   15   15    0    0    0    0    0    0    0    0    0    0    0    0    0    0    0    0    0    0    0  -32    0    9 
 36 WB     0    0    2    0    2    0    0    0   15   15    0    0    0    0    0    0    0    0    0    0    0    0    0    0    0    0    0    0    0  -32    0    9 

lw $a0, 4($sp):
 PC FASE $zero $at  $v0  $v1  $a0  $a1  $a2  $a3  $t0  $t1  $t2  $t3  $t4  $t5  $t6  $t7  $s0  $s1  $s2  $s3  $s4  $s5  $s6  $s7  $t8  $t9  $k0  $k1  $gp  $sp  $fp  $ra
 40 IF     0    0    2    0    2    0    0    0   15   15    0    0    0    0    0    0    0    0    0    0    0    0    0    0    0    0    0    0    0  -32    0    9 
 40 ID     0    0    2    0    2    0    0    0   15   15    0    0    0    0    0    0    0    0    0    0    0    0    0    0    0    0    0    0    0  -32    0    9 
 40 EX     0    0    2    0    2    0    0    0   15   15    0    0    0    0    0    0    0    0    0    0    0    0    0    0    0    0    0    0    0  -32    0    9 
 40 MEM    0    0    2    0    2    0    0    0   15   15    0    0    0    0    0    0    0    0    0    0    0    0    0    0    0    0    0    0    0  -32    0    9 
 40 WB     0    0    2    0    3    0    0    0   15   15    0    0    0    0    0    0    0    0    0    0    0    0    0    0    0    0    0    0    0  -32    0    9 

mul $v0, $v0, $a0:
 PC FASE $zero $at  $v0  $v1  $a0  $a1  $a2  $a3  $t0  $t1  $t2  $t3  $t4  $t5  $t6  $t7  $s0  $s1  $s2  $s3  $s4  $s5  $s6  $s7  $t8  $t9  $k0  $k1  $gp  $sp  $fp  $ra
 44 IF     0    0    2    0    3    0    0    0   15   15    0    0    0    0    0    0    0    0    0    0    0    0    0    0    0    0    0    0    0  -32    0    9 
 44 ID     0    0    2    0    3    0    0    0   15   15    0    0    0    0    0    0    0    0    0    0    0    0    0    0    0    0    0    0    0  -32    0    9 
 44 EX     0    0    2    0    3    0    0    0   15   15    0    0    0    0    0    0    0    0    0    0    0    0    0    0    0    0    0    0    0  -32    0    9 
 44 MEM    0    0    2    0    3    0    0    0   15   15    0    0    0    0    0    0    0    0    0    0    0    0    0    0    0    0    0    0    0  -32    0    9 
 44 WB     0    0    6    0    3    0    0    0   15   15    0    0    0    0    0    0    0    0    0    0    0    0    0    0    0    0    0    0    0  -32    0    9 

addi $sp, $sp, 8:
 PC FASE $zero $at  $v0  $v1  $a0  $a1  $a2  $a3  $t0  $t1  $t2  $t3  $t4  $t5  $t6  $t7  $s0  $s1  $s2  $s3  $s4  $s5  $s6  $s7  $t8  $t9  $k0  $k1  $gp  $sp  $fp  $ra
 48 IF     0    0    6    0    3    0    0    0   15   15    0    0    0    0    0    0    0    0    0    0    0    0    0    0    0    0    0    0    0  -32    0    9 
 48 ID     0    0    6    0    3    0    0    0   15   15    0    0    0    0    0    0    0    0    0    0    0    0    0    0    0    0    0    0    0  -32    0    9 
 48 EX     0    0    6    0    3    0    0    0   15   15    0    0    0    0    0    0    0    0    0    0    0    0    0    0    0    0    0    0    0  -32    0    9 
 48 MEM    0    0    6    0    3    0    0    0   15   15    0    0    0    0    0    0    0    0    0    0    0    0    0    0    0    0    0    0    0  -32    0    9 
 48 WB     0    0    6    0    3    0    0    0   15   15    0    0    0    0    0    0    0    0    0    0    0    0    0    0    0    0    0    0    0  -24    0    9 

jr $ra:
 PC FASE $zero $at  $v0  $v1  $a0  $a1  $a2  $a3  $t0  $t1  $t2  $t3  $t4  $t5  $t6  $t7  $s0  $s1  $s2  $s3  $s4  $s5  $s6  $s7  $t8  $t9  $k0  $k1  $gp  $sp  $fp  $ra
 52 IF     0    0    6    0    3    0    0    0   15   15    0    0    0    0    0    0    0    0    0    0    0    0    0    0    0    0    0    0    0  -24    0    9 
 52 ID     0    0    6    0    3    0    0    0   15   15    0    0    0    0    0    0    0    0    0    0    0    0    0    0    0    0    0    0    0  -24    0    9 
 52 EX     0    0    6    0    3    0    0    0   15   15    0    0    0    0    0    0    0    0    0    0    0    0    0    0    0    0    0    0    0  -24    0    9 
 52 MEM    0    0    6    0    3    0    0    0   15   15    0    0    0    0    0    0    0    0    0    0    0    0    0    0    0    0    0    0    0  -24    0    9 
 36 WB     0    0    6    0    3    0    0    0   15   15    0    0    0    0    0    0    0    0    0    0    0    0    0    0    0    0    0    0    0  -24    0    9 

lw $ra, 0($sp):
 PC FASE $zero $at  $v0  $v1  $a0  $a1  $a2  $a3  $t0  $t1  $t2  $t3  $t4  $t5  $t6  $t7  $s0  $s1  $s2  $s3  $s4  $s5  $s6  $s7  $t8  $t9  $k0  $k1  $gp  $sp  $fp  $ra
 36 IF     0    0    6    0    3    0    0    0   15   15    0    0    0    0    0    0    0    0    0    0    0    0    0    0    0    0    0    0    0  -24    0    9 
 36 ID     0    0    6    0    3    0    0    0   15   15    0    0    0    0    0    0    0    0    0    0    0    0    0    0    0    0    0    0    0  -24    0    9 
 36 EX     0    0    6    0    3    0    0    0   15   15    0    0    0    0    0    0    0    0    0    0    0    0    0    0    0    0    0    0    0  -24    0    9 
 36 MEM    0    0    6    0    3    0    0    0   15   15    0    0    0    0    0    0    0    0    0    0    0    0    0    0    0    0    0    0    0  -24    0    9 
 36 WB     0    0    6    0    3    0    0    0   15   15    0    0    0    0    0    0    0    0    0    0    0    0    0    0    0    0    0    0    0  -24    0    9 

lw $a0, 4($sp):
 PC FASE $zero $at  $v0  $v1  $a0  $a1  $a2  $a3  $t0  $t1  $t2  $t3  $t4  $t5  $t6  $t7  $s0  $s1  $s2  $s3  $s4  $s5  $s6  $s7  $t8  $t9  $k0  $k1  $gp  $sp  $fp  $ra
 40 IF     0    0    6    0    3    0    0    0   15   15    0    0    0    0    0    0    0    0    0    0    0    0    0    0    0    0    0    0    0  -24    0    9 
 40 ID     0    0    6    0    3    0    0    0   15   15    0    0    0    0    0    0    0    0    0    0    0    0    0    0    0    0    0    0    0  -24    0    9 
 40 EX     0    0    6    0    3    0    0    0   15   15    0    0    0    0    0    0    0    0    0    0    0    0    0    0    0    0    0    0    0  -24    0    9 
 40 MEM    0    0    6    0    3    0    0    0   15   15    0    0    0    0    0    0    0    0    0    0    0    0    0    0    0    0    0    0    0  -24    0    9 
 40 WB     0    0    6    0    4    0    0    0   15   15    0    0    0    0    0    0    0    0    0    0    0    0    0    0    0    0    0    0    0  -24    0    9 

mul $v0, $v0, $a0:
 PC FASE $zero $at  $v0  $v1  $a0  $a1  $a2  $a3  $t0  $t1  $t2  $t3  $t4  $t5  $t6  $t7  $s0  $s1  $s2  $s3  $s4  $s5  $s6  $s7  $t8  $t9  $k0  $k1  $gp  $sp  $fp  $ra
 44 IF     0    0    6    0    4    0    0    0   15   15    0    0    0    0    0    0    0    0    0    0    0    0    0    0    0    0    0    0    0  -24    0    9 
 44 ID     0    0    6    0    4    0    0    0   15   15    0    0    0    0    0    0    0    0    0    0    0    0    0    0    0    0    0    0    0  -24    0    9 
 44 EX     0    0    6    0    4    0    0    0   15   15    0    0    0    0    0    0    0    0    0    0    0    0    0    0    0    0    0    0    0  -24    0    9 
 44 MEM    0    0    6    0    4    0    0    0   15   15    0    0    0    0    0    0    0    0    0    0    0    0    0    0    0    0    0    0    0  -24    0    9 
 44 WB     0    0   24    0    4    0    0    0   15   15    0    0    0    0    0    0    0    0    0    0    0    0    0    0    0    0    0    0    0  -24    0    9 

addi $sp, $sp, 8:
 PC FASE $zero $at  $v0  $v1  $a0  $a1  $a2  $a3  $t0  $t1  $t2  $t3  $t4  $t5  $t6  $t7  $s0  $s1  $s2  $s3  $s4  $s5  $s6  $s7  $t8  $t9  $k0  $k1  $gp  $sp  $fp  $ra
 48 IF     0    0   24    0    4    0    0    0   15   15    0    0    0    0    0    0    0    0    0    0    0    0    0    0    0    0    0    0    0  -24    0    9 
 48 ID     0    0   24    0    4    0    0    0   15   15    0    0    0    0    0    0    0    0    0    0    0    0    0    0    0    0    0    0    0  -24    0    9 
 48 EX     0    0   24    0    4    0    0    0   15   15    0    0    0    0    0    0    0    0    0    0    0    0    0    0    0    0    0    0    0  -24    0    9 
 48 MEM    0    0   24    0    4    0    0    0   15   15    0    0    0    0    0    0    0    0    0    0    0    0    0    0    0    0    0    0    0  -24    0    9 
 48 WB     0    0   24    0    4    0    0    0   15   15    0    0    0    0    0    0    0    0    0    0    0    0    0    0    0    0    0    0    0  -16    0    9 

jr $ra:
 PC FASE $zero $at  $v0  $v1  $a0  $a1  $a2  $a3  $t0  $t1  $t2  $t3  $t4  $t5  $t6  $t7  $s0  $s1  $s2  $s3  $s4  $s5  $s6  $s7  $t8  $t9  $k0  $k1  $gp  $sp  $fp  $ra
 52 IF     0    0   24    0    4    0    0    0   15   15    0    0    0    0    0    0    0    0    0    0    0    0    0    0    0    0    0    0    0  -16    0    9 
 52 ID     0    0   24    0    4    0    0    0   15   15    0    0    0    0    0    0    0    0    0    0    0    0    0    0    0    0    0    0    0  -16    0    9 
 52 EX     0    0   24    0    4    0    0    0   15   15    0    0    0    0    0    0    0    0    0    0    0    0    0    0    0    0    0    0    0  -16    0    9 
 52 MEM    0    0   24    0    4    0    0    0   15   15    0    0    0    0    0    0    0    0    0    0    0    0    0    0    0    0    0    0    0  -16    0    9 
 36 WB     0    0   24    0    4    0    0    0   15   15    0    0    0    0    0    0    0    0    0    0    0    0    0    0    0    0    0    0    0  -16    0    9 

lw $ra, 0($sp):
 PC FASE $zero $at  $v0  $v1  $a0  $a1  $a2  $a3  $t0  $t1  $t2  $t3  $t4  $t5  $t6  $t7  $s0  $s1  $s2  $s3  $s4  $s5  $s6  $s7  $t8  $t9  $k0  $k1  $gp  $sp  $fp  $ra
 36 IF     0    0   24    0    4    0    0    0   15   15    0    0    0    0    0    0    0    0    0    0    0    0    0    0    0    0    0    0    0  -16    0    9 
 36 ID     0    0   24    0    4    0    0    0   15   15    0    0    0    0    0    0    0    0    0    0    0    0    0    0    0    0    0    0    0  -16    0    9 
 36 EX     0    0   24    0    4    0    0    0   15   15    0    0    0    0    0    0    0    0    0    0    0    0    0    0    0    0    0    0    0  -16    0    9 
 36 MEM    0    0   24    0    4    0    0    0   15   15    0    0    0    0    0    0    0    0    0    0    0    0    0    0    0    0    0    0    0  -16    0    9 
 36 WB     0    0   24    0    4    0    0    0   15   15    0    0    0    0    0    0    0    0    0    0    0    0    0    0    0    0    0    0    0  -16    0    9 

lw $a0, 4($sp):
 PC FASE $zero $at  $v0  $v1  $a0  $a1  $a2  $a3  $t0  $t1  $t2  $t3  $t4  $t5  $t6  $t7  $s0  $s1  $s2  $s3  $s4  $s5  $s6  $s7  $t8  $t9  $k0  $k1  $gp  $sp  $fp  $ra
 40 IF     0    0   24    0    4    0    0    0   15   15    0    0    0    0    0    0    0    0    0    0    0    0    0    0    0    0    0    0    0  -16    0    9 
 40 ID     0    0   24    0    4    0    0    0   15   15    0    0    0    0    0    0    0    0    0    0    0    0    0    0    0    0    0    0    0  -16    0    9 
 40 EX     0    0   24    0    4    0    0    0   15   15    0    0    0    0    0    0    0    0    0    0    0    0    0    0    0    0    0    0    0  -16    0    9 
 40 MEM    0    0   24    0    4    0    0    0   15   15    0    0    0    0    0    0    0    0    0    0    0    0    0    0    0    0    0    0    0  -16    0    9 
 40 WB     0    0   24    0    5    0    0    0   15   15    0    0    0    0    0    0    0    0    0    0    0    0    0    0    0    0    0    0    0  -16    0    9 

mul $v0, $v0, $a0:
 PC FASE $zero $at  $v0  $v1  $a0  $a1  $a2  $a3  $t0  $t1  $t2  $t3  $t4  $t5  $t6  $t7  $s0  $s1  $s2  $s3  $s4  $s5  $s6  $s7  $t8  $t9  $k0  $k1  $gp  $sp  $fp  $ra
 44 IF     0    0   24    0    5    0    0    0   15   15    0    0    0    0    0    0    0    0    0    0    0    0    0    0    0    0    0    0    0  -16    0    9 
 44 ID     0    0   24    0    5    0    0    0   15   15    0    0    0    0    0    0    0    0    0    0    0    0    0    0    0    0    0    0    0  -16    0    9 
 44 EX     0    0   24    0    5    0    0    0   15   15    0    0    0    0    0    0    0    0    0    0    0    0    0    0    0    0    0    0    0  -16    0    9 
 44 MEM    0    0   24    0    5    0    0    0   15   15    0    0    0    0    0    0    0    0    0    0    0    0    0    0    0    0    0    0    0  -16    0    9 
 44 WB     0    0  120    0    5    0    0    0   15   15    0    0    0    0    0    0    0    0    0    0    0    0    0    0    0    0    0    0    0  -16    0    9 

addi $sp, $sp, 8:
 PC FASE $zero $at  $v0  $v1  $a0  $a1  $a2  $a3  $t0  $t1  $t2  $t3  $t4  $t5  $t6  $t7  $s0  $s1  $s2  $s3  $s4  $s5  $s6  $s7  $t8  $t9  $k0  $k1  $gp  $sp  $fp  $ra
 48 IF     0    0  120    0    5    0    0    0   15   15    0    0    0    0    0    0    0    0    0    0    0    0    0    0    0    0    0    0    0  -16    0    9 
 48 ID     0    0  120    0    5    0    0    0   15   15    0    0    0    0    0    0    0    0    0    0    0    0    0    0    0    0    0    0    0  -16    0    9 
 48 EX     0    0  120    0    5    0    0    0   15   15    0    0    0    0    0    0    0    0    0    0    0    0    0    0    0    0    0    0    0  -16    0    9 
 48 MEM    0    0  120    0    5    0    0    0   15   15    0    0    0    0    0    0    0    0    0    0    0    0    0    0    0    0    0    0    0  -16    0    9 
 48 WB     0    0  120    0    5    0    0    0   15   15    0    0    0    0    0    0    0    0    0    0    0    0    0    0    0    0    0    0    0   -8    0    9 

jr $ra:
 PC FASE $zero $at  $v0  $v1  $a0  $a1  $a2  $a3  $t0  $t1  $t2  $t3  $t4  $t5  $t6  $t7  $s0  $s1  $s2  $s3  $s4  $s5  $s6  $s7  $t8  $t9  $k0  $k1  $gp  $sp  $fp  $ra
 52 IF     0    0  120    0    5    0    0    0   15   15    0    0    0    0    0    0    0    0    0    0    0    0    0    0    0    0    0    0    0   -8    0    9 
 52 ID     0    0  120    0    5    0    0    0   15   15    0    0    0    0    0    0    0    0    0    0    0    0    0    0    0    0    0    0    0   -8    0    9 
 52 EX     0    0  120    0    5    0    0    0   15   15    0    0    0    0    0    0    0    0    0    0    0    0    0    0    0    0    0    0    0   -8    0    9 
 52 MEM    0    0  120    0    5    0    0    0   15   15    0    0    0    0    0    0    0    0    0    0    0    0    0    0    0    0    0    0    0   -8    0    9 
 36 WB     0    0  120    0    5    0    0    0   15   15    0    0    0    0    0    0    0    0    0    0    0    0    0    0    0    0    0    0    0   -8    0    9 

lw $ra, 0($sp):
 PC FASE $zero $at  $v0  $v1  $a0  $a1  $a2  $a3  $t0  $t1  $t2  $t3  $t4  $t5  $t6  $t7  $s0  $s1  $s2  $s3  $s4  $s5  $s6  $s7  $t8  $t9  $k0  $k1  $gp  $sp  $fp  $ra
 36 IF     0    0  120    0    5    0    0    0   15   15    0    0    0    0    0    0    0    0    0    0    0    0    0    0    0    0    0    0    0   -8    0    9 
 36 ID     0    0  120    0    5    0    0    0   15   15    0    0    0    0    0    0    0    0    0    0    0    0    0    0    0    0    0    0    0   -8    0    9 
 36 EX     0    0  120    0    5    0    0    0   15   15    0    0    0    0    0    0    0    0    0    0    0    0    0    0    0    0    0    0    0   -8    0    9 
 36 MEM    0    0  120    0    5    0    0    0   15   15    0    0    0    0    0    0    0    0    0    0    0    0    0    0    0    0    0    0    0   -8    0    9 
 36 WB     0    0  120    0    5    0    0    0   15   15    0    0    0    0    0    0    0    0    0    0    0    0    0    0    0    0    0    0    0   -8    0   22 

lw $a0, 4($sp):
 PC FASE $zero $at  $v0  $v1  $a0  $a1  $a2  $a3  $t0  $t1  $t2  $t3  $t4  $t5  $t6  $t7  $s0  $s1  $s2  $s3  $s4  $s5  $s6  $s7  $t8  $t9  $k0  $k1  $gp  $sp  $fp  $ra
 40 IF     0    0  120    0    5    0    0    0   15   15    0    0    0    0    0    0    0    0    0    0    0    0    0    0    0    0    0    0    0   -8    0   22 
 40 ID     0    0  120    0    5    0    0    0   15   15    0    0    0    0    0    0    0    0    0    0    0    0    0    0    0    0    0    0    0   -8    0   22 
 40 EX     0    0  120    0    5    0    0    0   15   15    0    0    0    0    0    0    0    0    0    0    0    0    0    0    0    0    0    0    0   -8    0   22 
 40 MEM    0    0  120    0    5    0    0    0   15   15    0    0    0    0    0    0    0    0    0    0    0    0    0    0    0    0    0    0    0   -8    0   22 
 40 WB     0    0  120    0    6    0    0    0   15   15    0    0    0    0    0    0    0    0    0    0    0    0    0    0    0    0    0    0    0   -8    0   22 

mul $v0, $v0, $a0:
 PC FASE $zero $at  $v0  $v1  $a0  $a1  $a2  $a3  $t0  $t1  $t2  $t3  $t4  $t5  $t6  $t7  $s0  $s1  $s2  $s3  $s4  $s5  $s6  $s7  $t8  $t9  $k0  $k1  $gp  $sp  $fp  $ra
 44 IF     0    0  120    0    6    0    0    0   15   15    0    0    0    0    0    0    0    0    0    0    0    0    0    0    0    0    0    0    0   -8    0   22 
 44 ID     0    0  120    0    6    0    0    0   15   15    0    0    0    0    0    0    0    0    0    0    0    0    0    0    0    0    0    0    0   -8    0   22 
 44 EX     0    0  120    0    6    0    0    0   15   15    0    0    0    0    0    0    0    0    0    0    0    0    0    0    0    0    0    0    0   -8    0   22 
 44 MEM    0    0  120    0    6    0    0    0   15   15    0    0    0    0    0    0    0    0    0    0    0    0    0    0    0    0    0    0    0   -8    0   22 
 44 WB     0    0  720    0    6    0    0    0   15   15    0    0    0    0    0    0    0    0    0    0    0    0    0    0    0    0    0    0    0   -8    0   22 

addi $sp, $sp, 8:
 PC FASE $zero $at  $v0  $v1  $a0  $a1  $a2  $a3  $t0  $t1  $t2  $t3  $t4  $t5  $t6  $t7  $s0  $s1  $s2  $s3  $s4  $s5  $s6  $s7  $t8  $t9  $k0  $k1  $gp  $sp  $fp  $ra
 48 IF     0    0  720    0    6    0    0    0   15   15    0    0    0    0    0    0    0    0    0    0    0    0    0    0    0    0    0    0    0   -8    0   22 
 48 ID     0    0  720    0    6    0    0    0   15   15    0    0    0    0    0    0    0    0    0    0    0    0    0    0    0    0    0    0    0   -8    0   22 
 48 EX     0    0  720    0    6    0    0    0   15   15    0    0    0    0    0    0    0    0    0    0    0    0    0    0    0    0    0    0    0   -8    0   22 
 48 MEM    0    0  720    0    6    0    0    0   15   15    0    0    0    0    0    0    0    0    0    0    0    0    0    0    0    0    0    0    0   -8    0   22 
 48 WB     0    0  720    0    6    0    0    0   15   15    0    0    0    0    0    0    0    0    0    0    0    0    0    0    0    0    0    0    0    0    0   22 

jr $ra:
 PC FASE $zero $at  $v0  $v1  $a0  $a1  $a2  $a3  $t0  $t1  $t2  $t3  $t4  $t5  $t6  $t7  $s0  $s1  $s2  $s3  $s4  $s5  $s6  $s7  $t8  $t9  $k0  $k1  $gp  $sp  $fp  $ra
 52 IF     0    0  720    0    6    0    0    0   15   15    0    0    0    0    0    0    0    0    0    0    0    0    0    0    0    0    0    0    0    0    0   22 
 52 ID     0    0  720    0    6    0    0    0   15   15    0    0    0    0    0    0    0    0    0    0    0    0    0    0    0    0    0    0    0    0    0   22 
 52 EX     0    0  720    0    6    0    0    0   15   15    0    0    0    0    0    0    0    0    0    0    0    0    0    0    0    0    0    0    0    0    0   22 
 52 MEM    0    0  720    0    6    0    0    0   15   15    0    0    0    0    0    0    0    0    0    0    0    0    0    0    0    0    0    0    0    0    0   22 
 88 WB     0    0  720    0    6    0    0    0   15   15    0    0    0    0    0    0    0    0    0    0    0    0    0    0    0    0    0    0    0    0    0   22 

add $s0, $zero, $v0:
 PC FASE $zero $at  $v0  $v1  $a0  $a1  $a2  $a3  $t0  $t1  $t2  $t3  $t4  $t5  $t6  $t7  $s0  $s1  $s2  $s3  $s4  $s5  $s6  $s7  $t8  $t9  $k0  $k1  $gp  $sp  $fp  $ra
 88 IF     0    0  720    0    6    0    0    0   15   15    0    0    0    0    0    0    0    0    0    0    0    0    0    0    0    0    0    0    0    0    0   22 
 88 ID     0    0  720    0    6    0    0    0   15   15    0    0    0    0    0    0    0    0    0    0    0    0    0    0    0    0    0    0    0    0    0   22 
 88 EX     0    0  720    0    6    0    0    0   15   15    0    0    0    0    0    0    0    0    0    0    0    0    0    0    0    0    0    0    0    0    0   22 
 88 MEM    0    0  720    0    6    0    0    0   15   15    0    0    0    0    0    0    0    0    0    0    0    0    0    0    0    0    0    0    0    0    0   22 
 88 WB     0    0  720    0    6    0    0    0   15   15    0    0    0    0    0    0  720    0    0    0    0    0    0    0    0    0    0    0    0    0    0   22 

